0.000000 0.000000 0.000000 0.000000 0.000000 0.000000 0.000000 0.000000 0.000000 0.000000 0.000000 0.000000 0.000000 0.000000 0.000000 0.000000 0.000000 0.000000 0.000000 0.000000 0.000000 0.000000 0.000000 0.000000 0.000000 0.000000 0.000000 0.000000 0.000000 0.000000 0.000000 0.000000 0.000000 0.000000 0.000000 0.000000 0.000000 0.000000 0.000000 0.000000 0.000000 0.000000 0.000000 0.000000 0.000000 0.000000 0.000000 0.000000 0.000000 0.000000 0.000000 0.000000 0.000000 0.000000 0.000000 0.000000 0.000000 0.000000 0.000000 0.000000 0.000000 0.000000 0.000000 0.000000 0.000000 0.000000 0.000000 0.000000 0.000000 0.000000 0.000000 0.000000 0.000000 0.000000 0.000000 0.000000 0.000000 0.000000 0.000000 0.000000 0.000000 0.000000 0.000000 0.000000 0.000000 0.000000 0.000000 0.000000 0.000000 0.000000 0.000000 0.000000 0.000000 0.000000 0.000000 0.000000 0.000000 0.000000 0.000000 0.000000 0.000000 
0.000000 0.712372 1.424757 2.135133 2.837430 3.519629 4.162394 4.738956 5.217280 5.565307 5.758907 5.789926 5.669822 5.426073 5.094171 4.709687 4.303031 3.897237 3.507961 3.144630 2.811969 2.511438 2.242411 2.003041 1.790861 1.603171 1.437282 1.290648 1.160935 1.046048 0.944132 0.853559 0.772909 0.700950 0.636612 0.578970 0.527220 0.480669 0.438713 0.400829 0.366560 0.335509 0.307329 0.281716 0.258403 0.237154 0.217763 0.200046 0.183843 0.169008 0.155414 0.142946 0.131503 0.120992 0.111333 0.102450 0.094277 0.086755 0.079829 0.073449 0.067570 0.062153 0.057160 0.052557 0.048312 0.044399 0.040791 0.037464 0.034396 0.031567 0.028959 0.026555 0.024338 0.022295 0.020412 0.018676 0.017076 0.015602 0.014243 0.012990 0.011835 0.010770 0.009787 0.008880 0.008041 0.007266 0.006548 0.005882 0.005263 0.004686 0.004147 0.003642 0.003167 0.002717 0.002290 0.001881 0.001488 0.001106 0.000733 0.000365 0.000000 
0.000000 1.424757 2.851563 4.278404 5.695033 7.078787 8.391100 9.576275 10.565000 11.285198 11.680569 11.731163 11.463492 10.940516 10.241150 9.441787 8.605452 7.778220 6.990249 6.258874 5.592098 4.991672 4.455473 3.979207 3.557550 3.184865 2.855638 2.564708 2.307380 2.079464 1.877261 1.697535 1.537469 1.394620 1.266869 1.152384 1.049578 0.957076 0.873685 0.798368 0.730224 0.668465 0.612405 0.561440 0.515042 0.472745 0.434140 0.398863 0.366593 0.337045 0.309964 0.285123 0.262321 0.241374 0.222121 0.204415 0.188122 0.173125 0.159313 0.146591 0.134867 0.124063 0.114103 0.104920 0.096453 0.088646 0.081446 0.074807 0.068684 0.063039 0.057834 0.053035 0.048610 0.044532 0.040772 0.037307 0.034113 0.031169 0.028455 0.025954 0.023647 0.021520 0.019556 0.017744 0.016069 0.014520 0.013086 0.011755 0.010518 0.009366 0.008290 0.007280 0.006330 0.005432 0.004578 0.003761 0.002974 0.002211 0.001465 0.000730 0.000000 
0.000000 2.135133 4.278404 6.431987 8.585641 10.709543 12.747128 14.610258 16.181484 17.330182 17.947296 17.990979 17.512802 16.631707 15.488507 14.211260 12.899189 11.620378 10.416396 9.308988 8.306363 7.408177 6.609111 5.901286 5.275796 4.723641 4.236244 3.805717 3.424972 3.087727 2.788476 2.522415 2.285378 2.073755 1.884423 1.714680 1.562189 1.424924 1.301129 1.189276 1.088037 0.996250 0.912903 0.837107 0.768080 0.705136 0.647669 0.595142 0.547081 0.503061 0.462708 0.425686 0.391693 0.360462 0.331750 0.305339 0.281034 0.258656 0.238046 0.219057 0.201557 0.185427 0.170555 0.156843 0.144197 0.132536 0.121781 0.111862 0.102715 0.094279 0.086500 0.079328 0.072715 0.066618 0.060997 0.055817 0.051041 0.046639 0.042581 0.038839 0.035389 0.032207 0.029271 0.026559 0.024054 0.021736 0.019589 0.017598 0.015747 0.014023 0.012411 0.010901 0.009478 0.008133 0.006855 0.005631 0.004453 0.003311 0.002194 0.001094 0.000000 
0.000000 2.837430 5.695033 8.585641 11.506180 14.426836 17.277869 19.936441 22.220829 23.907119 24.787859 24.773092 23.965501 22.585505 20.870441 19.016115 17.160251 15.388320 13.746605 12.254975 10.916867 9.726257 8.672220 7.741755 6.921450 6.198413 5.560741 4.997716 4.499839 4.058781 3.667286 3.319061 3.008663 2.731388 2.483173 2.260506 2.060350 1.880074 1.717394 1.570326 1.437141 1.316331 1.206574 1.106714 1.015733 0.932735 0.856928 0.787611 0.724164 0.666034 0.612728 0.563807 0.518878 0.477586 0.439615 0.404679 0.372521 0.342907 0.315625 0.290485 0.267313 0.245949 0.226249 0.208082 0.191326 0.175871 0.161615 0.148466 0.136338 0.125152 0.114836 0.105323 0.096551 0.088462 0.081005 0.074130 0.067793 0.061950 0.056564 0.051597 0.047017 0.042792 0.038893 0.035292 0.031964 0.028886 0.026035 0.023389 0.020930 0.018639 0.016498 0.014490 0.012600 0.010812 0.009113 0.007487 0.005921 0.004402 0.002917 0.001454 0.000000 
0.000000 3.519629 7.078787 10.709543 14.426836 18.214033 22.001402 25.637189 28.858699 31.290080 32.524447 32.348588 30.991209 28.875013 26.392317 23.823226 21.338129 19.026827 16.927540 15.048282 13.380737 11.908653 10.612670 9.472996 8.470784 7.588782 6.811567 6.125553 5.518884 4.981274 4.503832 4.078889 3.699834 3.360969 3.057380 2.784822 2.539627 2.318613 2.119024 1.938458 1.774825 1.626297 1.491274 1.368352 1.256296 1.154017 1.060552 0.975048 0.896749 0.824980 0.759140 0.698693 0.643157 0.592100 0.545134 0.501909 0.462108 0.425446 0.391663 0.360524 0.331815 0.305340 0.280923 0.258400 0.237623 0.218455 0.200772 0.184459 0.169409 0.155527 0.142722 0.130912 0.120020 0.109976 0.100715 0.092175 0.084302 0.077043 0.070350 0.064178 0.058486 0.053234 0.048387 0.043910 0.039772 0.035944 0.032398 0.029108 0.026049 0.023199 0.020535 0.018036 0.015684 0.013459 0.011344 0.009320 0.007371 0.005480 0.003632 0.001811 0.000000 
0.000000 4.162394 8.391100 12.747128 17.277869 22.001402 26.876920 31.752675 36.287217 39.870632 41.671890 41.106287 38.776464 35.531803 32.001413 28.547212 25.343123 22.454272 19.889433 17.630895 15.650201 13.916027 12.397919 11.067906 9.901059 8.875534 7.972378 7.175245 6.470079 5.844815 5.289102 4.794054 4.352041 3.956500 3.601777 3.282992 2.995928 2.736928 2.502817 2.290832 2.098563 1.923900 1.764997 1.620229 1.488167 1.367548 1.257255 1.156298 1.063796 0.978964 0.901102 0.829584 0.763848 0.703388 0.647750 0.596524 0.549340 0.505862 0.465785 0.428834 0.394757 0.363323 0.334324 0.307569 0.282881 0.260101 0.239080 0.219684 0.201787 0.185275 0.170042 0.155989 0.143027 0.131072 0.120047 0.109880 0.100504 0.091859 0.083887 0.076534 0.069752 0.063494 0.057717 0.052381 0.047448 0.042885 0.038656 0.034733 0.031085 0.027685 0.024507 0.021526 0.018720 0.016065 0.013540 0.011125 0.008799 0.006542 0.004336 0.002161 0.000000 
0.000000 4.738956 9.576275 14.610258 19.936441 25.637189 31.752675 38.209918 44.667473 50.234015 53.186933 51.629007 47.477416 42.475239 37.535292 33.022106 29.033950 25.558821 22.546185 19.936864 17.674380 15.708606 13.996374 12.500978 11.191365 10.041289 9.028559 8.134378 7.342793 6.640236 6.015141 5.457624 4.959217 4.512652 4.111669 3.750870 3.425583 3.131759 2.865877 2.624868 2.406053 2.207085 2.025905 1.860699 1.709869 1.572002 1.445846 1.330288 1.224339 1.127116 1.037829 0.955771 0.880308 0.810868 0.746936 0.688049 0.633785 0.583764 0.537639 0.495095 0.455847 0.419633 0.386213 0.355370 0.326903 0.300628 0.276377 0.253995 0.233338 0.214275 0.196684 0.180454 0.165480 0.151667 0.138927 0.127175 0.116337 0.106341 0.097122 0.088619 0.080773 0.073533 0.066849 0.060674 0.054965 0.049682 0.044787 0.040244 0.036019 0.032082 0.028401 0.024948 0.021697 0.018620 0.015695 0.012895 0.010199 0.007583 0.005026 0.002506 0.000000 
0.000000 5.217280 10.565000 16.181484 22.220829 28.858699 36.287217 44.667473 53.939439 63.211798 69.213665 64.746310 57.029940 49.357492 42.643521 36.973142 32.212976 28.202153 24.800950 21.897367 19.403263 17.249098 15.379481 13.749789 12.323680 11.071273 9.967786 8.992525 8.128103 7.359831 6.675247 6.063731 5.516202 5.024867 4.583020 4.184869 3.825400 3.500260 3.205658 2.938288 2.695254 2.474019 2.272350 2.088278 1.920067 1.766175 1.625237 1.496037 1.377492 1.268633 1.168594 1.076597 0.991942 0.914001 0.842205 0.776040 0.715041 0.658786 0.606890 0.559005 0.514812 0.474020 0.436363 0.401598 0.369501 0.339867 0.312507 0.287249 0.263932 0.242409 0.222543 0.204210 0.187292 0.171682 0.157281 0.143996 0.131741 0.120436 0.110008 0.100387 0.091510 0.083316 0.075750 0.068759 0.062295 0.056313 0.050768 0.045622 0.040836 0.036374 0.032203 0.028290 0.024604 0.021117 0.017799 0.014625 0.011567 0.008601 0.005701 0.002842 0.000000 
0.000000 5.565307 11.285198 17.330182 23.907119 31.290080 39.870632 50.234015 63.211798 79.460943 95.710569 81.113660 66.539648 55.282447 46.709406 40.015279 34.644037 30.237302 26.559587 23.449935 20.793796 18.506675 16.524336 14.796724 13.284036 11.954103 10.780577 9.741646 8.819090 7.997578 7.264132 6.607703 6.018844 5.489447 5.012521 4.582024 4.192714 3.840032 3.520002 3.229144 2.964408 2.723113 2.502895 2.301668 2.117583 1.949001 1.794463 1.652670 1.522460 1.402795 1.292743 1.191466 1.098211 1.012296 0.933108 0.860090 0.792737 0.730591 0.673233 0.620284 0.571397 0.526253 0.484563 0.446060 0.410500 0.377657 0.347326 0.319315 0.293449 0.269567 0.247519 0.227165 0.208379 0.191042 0.175042 0.160280 0.146659 0.134092 0.122497 0.111798 0.101923 0.092808 0.084389 0.076609 0.069414 0.062754 0.056580 0.050849 0.045518 0.040548 0.035900 0.031540 0.027432 0.023545 0.019847 0.016308 0.012899 0.009592 0.006357 0.003169 0.000000 
0.000000 5.758907 11.680569 17.947296 24.787859 32.524447 41.671890 53.186933 69.213665 95.710569 153.055063 97.459254 72.733769 58.524550 48.897757 41.735986 36.112116 31.545022 27.751811 24.550696 21.817073 19.461278 17.416318 15.630626 14.063563 12.682482 11.460756 10.376396 9.411054 8.549296 7.778044 7.086154 6.464078 5.903604 5.397636 4.940024 4.525420 4.149158 3.807158 3.495841 3.212059 2.953040 2.716332 2.499765 2.301413 2.119563 1.952687 1.799422 1.658547 1.528966 1.409696 1.299850 1.198629 1.105312 1.019244 0.939832 0.866538 0.798872 0.736388 0.678677 0.625368 0.576120 0.530619 0.488579 0.449737 0.413851 0.380697 0.350069 0.321779 0.295649 0.271518 0.249237 0.228665 0.209675 0.192146 0.175968 0.161039 0.147261 0.134546 0.122810 0.111978 0.101975 0.092736 0.084196 0.076297 0.068983 0.062203 0.055907 0.050051 0.044589 0.039481 0.034688 0.030172 0.025899 0.021832 0.017940 0.014190 0.010552 0.006994 0.003487 0.000000 
0.000000 5.789926 11.731163 17.990979 24.773092 32.348588 41.106287 51.629007 64.746310 81.113660 97.459254 82.935771 68.412964 57.185653 48.622600 41.920385 36.525087 32.080597 28.353744 25.185834 22.464446 20.107024 18.051056 16.247970 14.659214 13.253646 12.005740 10.894321 9.901648 9.012734 8.214832 7.497033 6.849955 6.265497 5.736630 5.257242 4.821994 4.426215 4.065804 3.737150 3.437070 3.162747 2.911686 2.681670 2.470727 2.277097 2.099207 1.935649 1.785158 1.646600 1.518951 1.401288 1.292776 1.192661 1.100256 1.014940 0.936146 0.863358 0.796105 0.733956 0.676517 0.623427 0.574355 0.528995 0.487068 0.448315 0.412499 0.379400 0.348816 0.320559 0.294455 0.270345 0.248078 0.227516 0.208533 0.191008 0.174830 0.159897 0.146113 0.133388 0.121639 0.110788 0.100763 0.091495 0.082921 0.074981 0.067618 0.060781 0.054418 0.048484 0.042934 0.037724 0.032815 0.028169 0.023747 0.019515 0.015436 0.011479 0.007609 0.003793 0.000000 
0.000000 5.669822 11.463492 17.512802 23.965501 30.991209 38.776464 47.477416 57.029940 66.539648 72.733769 68.412964 60.798114 53.184043 46.488242 40.799591 35.989055 31.900418 28.398691 25.376473 22.749937 20.453460 18.435106 16.653223 15.073959 13.669467 12.416586 11.295874 10.290877 9.387573 8.573940 7.839619 7.175645 6.574225 6.028567 5.532728 5.081494 4.670280 4.295044 3.952212 3.638619 3.351456 3.088224 2.846695 2.624880 2.421000 2.233460 2.060826 1.901809 1.755247 1.620092 1.495395 1.380296 1.274015 1.175843 1.085135 1.001304 0.923811 0.852166 0.785919 0.724659 0.668006 0.615614 0.567163 0.522358 0.480928 0.442621 0.407206 0.374470 0.344213 0.316253 0.290418 0.266552 0.244508 0.224148 0.205348 0.187989 0.171961 0.157162 0.143497 0.130877 0.119219 0.108446 0.098484 0.089266 0.080727 0.072809 0.065453 0.058608 0.052222 0.046247 0.040639 0.035353 0.030349 0.025587 0.021027 0.016634 0.012369 0.008199 0.004088 0.000000 
0.000000 5.426073 10.940516 16.631707 22.585505 28.875013 35.531803 42.475239 49.357492 55.282447 58.524550 57.185653 53.184043 48.265824 43.348490 38.802534 34.733061 31.135352 27.966227 25.173602 22.707607 20.524071 18.585041 16.858262 15.316383 13.936165 12.697785 11.584263 10.580987 9.675330 8.856337 8.114467 7.441388 6.829799 6.273285 5.766196 5.303544 4.880918 4.494406 4.140533 3.816206 3.518667 3.245452 2.994359 2.763409 2.550830 2.355024 2.174553 2.008121 1.854552 1.712786 1.581859 1.460896 1.349102 1.245751 1.150183 1.061792 0.980028 0.904383 0.834393 0.769633 0.709710 0.654263 0.602960 0.555494 0.511583 0.470965 0.433398 0.398657 0.366536 0.336841 0.309394 0.284030 0.260595 0.238944 0.218945 0.200473 0.183413 0.167657 0.153105 0.139662 0.127241 0.115760 0.105141 0.095312 0.086206 0.077759 0.069912 0.062606 0.055790 0.049412 0.043423 0.037778 0.032433 0.027345 0.022474 0.017779 0.013221 0.008764 0.004369 0.000000 
0.000000 5.094171 10.241150 15.488507 20.870441 26.392317 32.001413 37.535292 42.643521 46.709406 48.897757 48.622600 46.488242 43.348490 39.839233 36.330967 33.007369 29.943858 27.159499 24.646414 22.385205 20.352628 18.525234 16.880964 15.399758 14.063677 12.856814 11.765123 10.776219 9.879184 9.064382 8.323305 7.648425 7.033077 6.471348 5.957984 5.488310 5.058162 4.663823 4.301972 3.969634 3.664145 3.383114 3.124388 2.886032 2.666301 2.463617 2.276556 2.103826 1.944256 1.796785 1.660444 1.534354 1.417711 1.309781 1.209894 1.117437 1.031846 0.952604 0.879237 0.811307 0.748414 0.690185 0.636278 0.586378 0.540191 0.497447 0.457897 0.421306 0.387460 0.356159 0.327217 0.300461 0.275730 0.252876 0.231758 0.212247 0.194222 0.177570 0.162186 0.147970 0.134832 0.122684 0.111446 0.101042 0.091401 0.082456 0.074143 0.066403 0.059179 0.052418 0.046070 0.040084 0.034415 0.029018 0.023850 0.018868 0.014032 0.009302 0.004637 0.000000 
0.000000 4.709687 9.441787 14.211260 19.016115 23.823226 28.547212 33.022106 36.973142 40.015279 41.735986 41.920385 40.799591 38.802534 36.330967 33.676822 31.023776 28.475494 26.083867 23.869802 21.836696 19.978599 18.284960 16.743318 15.340775 14.064780 12.903517 11.846074 10.882488 10.003728 9.201641 8.468889 7.798877 7.185681 6.623982 6.109002 5.636453 5.202477 4.803606 4.436718 4.098999 3.787914 3.501173 3.236706 2.992642 2.767283 2.559093 2.366676 2.188761 2.024195 1.871925 1.730989 1.600511 1.479688 1.367786 1.264130 1.168104 1.079137 0.996708 0.920335 0.849575 0.784019 0.723287 0.667031 0.614926 0.566675 0.521998 0.480638 0.442356 0.406931 0.374155 0.343837 0.315799 0.289873 0.265906 0.243753 0.223279 0.204357 0.186872 0.170714 0.155778 0.141971 0.129201 0.117384 0.106441 0.096299 0.086885 0.078136 0.069987 0.062380 0.055259 0.048571 0.042264 0.036290 0.030601 0.025152 0.019899 0.014799 0.009811 0.004891 0.000000 
0.000000 4.303031 8.605452 12.899189 17.160251 21.338129 25.343123 29.033950 32.212976 34.644037 36.112116 36.525087 35.989055 34.733061 33.007369 31.023776 28.937724 26.852878 24.833167 22.914811 21.115840 19.442844 17.895489 16.469432 15.158155 13.954109 12.849399 11.836200 10.906990 10.054676 9.272656 8.554835 7.895617 7.289888 6.732986 6.220669 5.749081 5.314721 4.914411 4.545265 4.204666 3.890233 3.599807 3.331423 3.083294 2.853793 2.641436 2.444873 2.262869 2.094296 1.938122 1.793403 1.659274 1.534939 1.419670 1.312796 1.213699 1.121811 1.036608 0.957606 0.884357 0.816448 0.753497 0.695150 0.641077 0.590974 0.544559 0.501568 0.461758 0.424901 0.390786 0.359216 0.330008 0.302990 0.278004 0.254901 0.233541 0.213795 0.195542 0.178668 0.163067 0.148640 0.135293 0.122939 0.111496 0.100886 0.091037 0.081880 0.073350 0.065385 0.057927 0.050921 0.044313 0.038052 0.032089 0.026377 0.020869 0.015522 0.010290 0.005130 0.000000 
0.000000 3.897237 7.778220 11.620378 15.388320 19.026827 22.454272 25.558821 28.202153 30.237302 31.545022 32.080597 31.900418 31.135352 29.943858 28.475494 26.852878 25.167646 23.483725 21.843138 20.271795 18.784312 17.387655 16.083760 14.871356 13.747200 12.706911 11.745513 10.857798 10.038556 9.282714 8.585426 7.942119 7.348516 6.800645 6.294830 5.827684 5.396094 4.997199 4.628381 4.287240 3.971578 3.679385 3.408821 3.158201 2.925982 2.710753 2.511217 2.326187 2.154573 1.995374 1.847669 1.710613 1.583425 1.465389 1.355841 1.254172 1.159815 1.072250 0.990994 0.915598 0.845650 0.780765 0.720586 0.664782 0.613045 0.565089 0.520648 0.479474 0.441336 0.406019 0.373322 0.343058 0.315053 0.289144 0.265178 0.243012 0.222514 0.203560 0.186031 0.169821 0.154825 0.140947 0.128099 0.116194 0.105154 0.094902 0.085368 0.076484 0.068187 0.060417 0.053115 0.046226 0.039698 0.033479 0.027521 0.021776 0.016197 0.010737 0.005353 0.000000 
0.000000 3.507961 6.990249 10.416396 13.746605 16.927540 19.889433 22.546185 24.800950 26.559587 27.751811 28.353744 28.398691 27.966227 27.159499 26.083867 24.833167 23.483725 22.093675 20.705040 19.346797 18.037940 16.790115 15.609721 14.499490 13.459659 12.488807 11.584454 10.743477 9.962401 9.237599 8.565426 7.942308 7.364801 6.829626 6.333685 5.874076 5.448086 5.053197 4.687070 4.347543 4.032618 3.740449 3.469337 3.217712 2.984131 2.767262 2.565877 2.378845 2.205123 2.043748 1.893833 1.754556 1.625161 1.504945 1.393261 1.289508 1.193130 1.103611 1.020473 0.943272 0.871595 0.805060 0.743309 0.686011 0.632856 0.583558 0.537848 0.495476 0.456208 0.419828 0.386131 0.354928 0.326042 0.299306 0.274565 0.251675 0.230499 0.210910 0.192790 0.176026 0.160513 0.146153 0.132853 0.120527 0.109092 0.098471 0.088591 0.079383 0.070780 0.062722 0.055147 0.047999 0.041224 0.034769 0.028584 0.022618 0.016823 0.011153 0.005561 0.000000 
0.000000 3.144630 6.258874 9.308988 12.254975 15.048282 17.630895 19.936864 21.897367 23.449935 24.550696 25.185834 25.376473 25.173602 24.646414 23.869802 22.914811 21.843138 20.705040 19.539479 18.375432 17.233635 16.128323 15.068763 14.060529 13.106494 12.207607 11.363460 10.572726 9.833467 9.143366 8.499890 7.900409 7.342275 6.822882 6.339704 5.890319 5.472424 5.083844 4.722534 4.386578 4.074186 3.783693 3.513546 3.262305 3.028632 2.811285 2.609116 2.421056 2.246118 2.083384 1.932004 1.791190 1.660210 1.538387 1.425089 1.319731 1.221769 1.130697 1.046045 0.967374 0.894276 0.826372 0.763307 0.704750 0.650394 0.599952 0.553153 0.509749 0.469503 0.432198 0.397628 0.365602 0.335940 0.308475 0.283049 0.259516 0.237737 0.217583 0.198933 0.181673 0.165696 0.150901 0.137195 0.124488 0.112696 0.101740 0.091546 0.082041 0.073160 0.064838 0.057014 0.049630 0.042628 0.035957 0.029562 0.023393 0.017401 0.011537 0.005752 0.000000 
0.000000 2.811969 5.592098 8.306363 10.916867 13.380737 15.650201 17.674380 19.403263 20.793796 21.817073 22.464446 22.749937 22.707607 22.385205 21.836696 21.115840 20.271795 19.346797 18.375432 17.384939 16.396055 15.424063 14.479836 13.570786 12.701657 11.875186 11.092613 10.354090 9.658989 9.006140 8.394003 7.820808 7.284649 6.783554 6.315545 5.878665 5.471012 5.090753 4.736137 4.405497 4.097259 3.809939 3.542143 3.292562 3.059975 2.843237 2.641281 2.453111 2.277799 2.114480 1.962348 1.820650 1.688687 1.565806 1.451400 1.344901 1.245781 1.153546 1.067738 0.987925 0.913707 0.844711 0.780585 0.721002 0.665658 0.614266 0.566559 0.522286 0.481214 0.443122 0.407806 0.375072 0.344742 0.316645 0.290623 0.266529 0.244221 0.223571 0.204454 0.186755 0.170367 0.155186 0.141118 0.128070 0.115959 0.104703 0.094226 0.084456 0.075324 0.066764 0.058714 0.051115 0.043908 0.037039 0.030454 0.024100 0.017928 0.011886 0.005927 0.000000 
0.000000 2.511438 4.991672 7.408177 9.726257 11.908653 13.916027 15.708606 17.249098 18.506675 19.461278 20.107024 20.453460 20.524071 20.352628 19.978599 19.442844 18.784312 18.037940 17.233635 16.396055 15.544890 14.695424 13.859193 13.044645 12.257744 11.502495 10.781385 10.095734 9.445989 8.831946 8.252930 7.707932 7.195713 6.714887 6.263983 5.841488 5.445881 5.075662 4.729365 4.405572 4.102922 3.820116 3.555919 3.309162 3.078738 2.863607 2.662790 2.475365 2.300470 2.137296 1.985082 1.843121 1.710745 1.587333 1.472303 1.365109 1.265240 1.172221 1.085602 1.004967 0.929923 0.860104 0.795165 0.734785 0.678662 0.626513 0.578073 0.533094 0.491343 0.452601 0.416663 0.383338 0.352444 0.323812 0.297284 0.272709 0.249948 0.228869 0.209348 0.191269 0.174523 0.159005 0.144618 0.131272 0.118879 0.107358 0.096631 0.086624 0.077268 0.068496 0.060245 0.052453 0.045062 0.038015 0.031259 0.024739 0.018404 0.012202 0.006084 0.000000 
0.000000 2.242411 4.455473 6.609111 8.672220 10.612670 12.397919 13.996374 15.379481 16.524336 17.416318 18.051056 18.435106 18.585041 18.525234 18.284960 17.895489 17.387655 16.790115 16.128323 15.424063 14.695424 13.957032 13.220423 12.494478 11.785857 11.099397 10.438468 9.805278 9.201117 8.626574 8.081699 7.566138 7.079242 6.620147 6.187845 5.781230 5.399142 5.040392 4.703791 4.388159 4.092346 3.815235 3.555748 3.312855 3.085570 2.872956 2.674125 2.488233 2.314487 2.152136 2.000471 1.858828 1.726579 1.603134 1.487940 1.380475 1.280251 1.186808 1.099714 1.018564 0.942978 0.872597 0.807085 0.746129 0.689430 0.636712 0.587712 0.542186 0.499902 0.460645 0.424209 0.390405 0.359051 0.329980 0.303033 0.278059 0.254918 0.233479 0.213617 0.195215 0.178162 0.162355 0.147696 0.134092 0.121455 0.109703 0.098758 0.088545 0.078992 0.070034 0.061605 0.053643 0.046089 0.038885 0.031976 0.025309 0.018828 0.012484 0.006225 0.000000 
0.000000 2.003041 3.979207 5.901286 7.741755 9.472996 11.067906 12.500978 13.749789 14.796724 15.630626 16.247970 16.653223 16.858262 16.880964 16.743318 16.469432 16.083760 15.609721 15.068763 14.479836 13.859193 13.220423 12.574630 11.930698 11.295578 10.674586 10.071678 9.489689 8.930551 8.395477 7.885107 7.399638 6.938923 6.502558 6.089945 5.700348 5.332935 4.986810 4.661040 4.354675 4.066764 3.796367 3.542562 3.304453 3.081176 2.871896 2.675818 2.492178 2.320252 2.159350 2.008817 1.868035 1.736416 1.613406 1.498482 1.391149 1.290942 1.197420 1.110169 1.028799 0.952941 0.882250 0.816399 0.755079 0.698003 0.644897 0.595506 0.549587 0.506913 0.467270 0.430457 0.396285 0.364574 0.335158 0.307877 0.282584 0.259137 0.237404 0.217263 0.198594 0.181287 0.165239 0.150351 0.136529 0.123687 0.111739 0.100607 0.090217 0.080497 0.071377 0.062794 0.054685 0.046989 0.039648 0.032606 0.025809 0.019202 0.012732 0.006349 0.000000 
0.000000 1.790861 3.557550 5.275796 6.921450 8.470784 9.901059 11.191365 12.323680 13.284036 14.063563 14.659214 15.073959 15.316383 15.399758 15.340775 15.158155 14.871356 14.499490 14.060529 13.570786 13.044645 12.494478 11.930698 11.361894 10.795020 10.235596 9.687915 9.155229 8.639932 8.143705 7.667655 7.212426 6.778294 6.365245 5.973039 5.601269 5.249397 4.916792 4.602760 4.306565 4.027444 3.764624 3.517335 3.284811 3.066303 2.861083 2.668443 2.487702 2.318204 2.159322 2.010457 1.871035 1.740514 1.618374 1.504126 1.397302 1.297462 1.204186 1.117081 1.035770 0.959901 0.889140 0.823170 0.761694 0.704430 0.651112 0.601490 0.555328 0.512402 0.472501 0.435429 0.400997 0.369028 0.339358 0.311829 0.286293 0.262611 0.240652 0.220291 0.201411 0.183903 0.167661 0.152587 0.138588 0.125576 0.113467 0.102181 0.091643 0.081781 0.072527 0.063814 0.055579 0.047762 0.040305 0.033149 0.026240 0.019523 0.012946 0.006456 0.000000 
0.000000 1.603171 3.184865 4.723641 6.198413 7.588782 8.875534 10.041289 11.071273 11.954103 12.682482 13.253646 13.669467 13.936165 14.063677 14.064780 13.954109 13.747200 13.459659 13.106494 12.701657 12.257744 11.785857 11.295578 10.795020 10.290933 9.788840 9.293175 8.807438 8.334326 7.875859 7.433497 7.008238 6.600699 6.211192 5.839786 5.486354 5.150621 4.832194 4.530595 4.245282 3.975669 3.721142 3.481068 3.254810 3.041732 2.841204 2.652607 2.475339 2.308815 2.152468 2.005755 1.868151 1.739156 1.618288 1.505091 1.399127 1.299981 1.207257 1.120581 1.039594 0.963959 0.893355 0.827479 0.766041 0.708771 0.655409 0.605712 0.559450 0.516405 0.476370 0.439151 0.404563 0.372434 0.342599 0.314904 0.289202 0.265355 0.243232 0.222711 0.203675 0.186015 0.169626 0.154409 0.140273 0.127128 0.114891 0.103482 0.092825 0.082849 0.073484 0.064665 0.056327 0.048410 0.040855 0.033604 0.026602 0.019794 0.013126 0.006546 0.000000 
0.000000 1.437282 2.855638 4.236244 5.560741 6.811567 7.972378 9.028559 9.967786 10.780577 11.460756 12.005740 12.416586 12.697785 12.856814 12.903517 12.849399 12.706911 12.488807 12.207607 11.875186 11.502495 11.099397 10.674586 10.235596 9.788840 9.339693 8.892594 8.451146 8.018224 7.596077 7.186420 6.790516 6.409254 6.043211 5.692711 5.357869 5.038635 4.734827 4.446159 4.172265 3.912721 3.667057 3.434773 3.215350 3.008259 2.812964 2.628935 2.455644 2.292575 2.139223 1.995098 1.859725 1.732645 1.613416 1.501615 1.396834 1.298686 1.206797 1.120814 1.040399 0.965228 0.894997 0.829413 0.768200 0.711095 0.657849 0.608226 0.562002 0.518965 0.478912 0.441656 0.407014 0.374817 0.344904 0.317121 0.291326 0.267381 0.245158 0.224535 0.205396 0.187633 0.171141 0.155824 0.141589 0.128347 0.116014 0.104513 0.093766 0.083702 0.074252 0.065349 0.056930 0.048934 0.041301 0.033974 0.026897 0.020015 0.013273 0.006619 0.000000 
0.000000 1.290648 2.564708 3.805717 4.997716 6.125553 7.175245 8.134378 8.992525 9.741646 10.376396 10.894321 11.295874 11.584263 11.765123 11.846074 11.836200 11.745513 11.584454 11.363460 11.092613 10.781385 10.438468 10.071678 9.687915 9.293175 8.892594 8.490502 8.090505 7.695555 7.308034 6.929829 6.562396 6.206829 5.863917 5.534188 5.217961 4.915377 4.626435 4.351019 4.088920 3.839858 3.603497 3.379457 3.167331 2.966687 2.777083 2.598067 2.429188 2.269994 2.120041 1.978890 1.846115 1.721301 1.604042 1.493950 1.390649 1.293776 1.202984 1.117940 1.038325 0.963834 0.894175 0.829071 0.768257 0.711481 0.658502 0.609093 0.563038 0.520129 0.480172 0.442982 0.408382 0.376207 0.346297 0.318505 0.292687 0.268710 0.246446 0.225777 0.206586 0.188768 0.172218 0.156841 0.142543 0.129239 0.116844 0.105280 0.094471 0.084345 0.074833 0.065870 0.057391 0.049336 0.041645 0.034260 0.027125 0.020185 0.013387 0.006676 0.000000 
0.000000 1.160935 2.307380 3.424972 4.499839 5.518884 6.470079 7.342793 8.128103 8.819090 9.411054 9.901648 10.290877 10.580987 10.776219 10.882488 10.906990 10.857798 10.743477 10.572726 10.354090 10.095734 9.805278 9.489689 9.155229 8.807438 8.451146 8.090505 7.729042 7.369711 7.014953 6.666754 6.326702 5.996040 5.675716 5.366424 5.068644 4.782679 4.508681 4.246680 3.996607 3.758308 3.531566 3.316114 3.111644 2.917819 2.734278 2.560649 2.396548 2.241589 2.095383 1.957544 1.827693 1.705454 1.590462 1.482362 1.380807 1.285463 1.196007 1.112127 1.033524 0.959910 0.891011 0.826561 0.766309 0.710013 0.657443 0.608381 0.562617 0.519952 0.480197 0.443172 0.408706 0.376637 0.346811 0.319080 0.293308 0.269361 0.247116 0.226453 0.207261 0.189432 0.172867 0.157469 0.143146 0.129813 0.117387 0.105789 0.094944 0.084782 0.075233 0.066231 0.057713 0.049618 0.041887 0.034462 0.027287 0.020307 0.013469 0.006717 0.000000 
0.000000 1.046048 2.079464 3.087727 4.058781 4.981274 5.844815 6.640236 7.359831 7.997578 8.549296 9.012734 9.387573 9.675330 9.879184 10.003728 10.054676 10.038556 9.962401 9.833467 9.658989 9.445989 9.201117 8.930551 8.639932 8.334326 8.018224 7.695555 7.369711 7.043588 6.719627 6.399859 6.085949 5.779242 5.480801 5.191445 4.911785 4.642253 4.383131 4.134572 3.896624 3.669249 3.452335 3.245713 3.049166 2.862443 2.685262 2.517321 2.358302 2.207879 2.065717 1.931481 1.804835 1.685444 1.572982 1.467123 1.367554 1.273967 1.186062 1.103551 1.026153 0.953600 0.885630 0.821996 0.762456 0.706783 0.654755 0.606163 0.560805 0.518492 0.479039 0.442273 0.408027 0.376146 0.346477 0.318879 0.293216 0.269359 0.247187 0.226582 0.207436 0.189642 0.173101 0.157720 0.143407 0.130078 0.117650 0.106047 0.095193 0.085019 0.075455 0.066436 0.057899 0.049784 0.042032 0.034584 0.027386 0.020382 0.013519 0.006742 0.000000 
0.000000 0.944132 1.877261 2.788476 3.667286 4.503832 5.289102 6.015141 6.675247 7.264132 7.778044 8.214832 8.573940 8.856337 9.064382 9.201641 9.272656 9.282714 9.237599 9.143366 9.006140 8.831946 8.626574 8.395477 8.143705 7.875859 7.596077 7.308034 7.014953 6.719627 6.424454 6.131463 5.842357 5.558538 5.281149 5.011101 4.749103 4.495690 4.251250 4.016038 3.790205 3.573809 3.366830 3.169187 2.980746 2.801332 2.630734 2.468717 2.315023 2.169383 2.031512 1.901123 1.777922 1.661615 1.551909 1.448513 1.351142 1.259513 1.173354 1.092395 1.016378 0.945050 0.878167 0.815495 0.756808 0.701887 0.650523 0.602516 0.557673 0.515811 0.476754 0.440334 0.406391 0.374772 0.345332 0.317932 0.292440 0.268730 0.246683 0.226186 0.207130 0.189413 0.172936 0.157608 0.143338 0.130044 0.117644 0.106062 0.095225 0.085061 0.075505 0.066489 0.057954 0.049837 0.042081 0.034628 0.027423 0.020411 0.013538 0.006752 0.000000 
0.000000 0.853559 1.697535 2.522415 3.319061 4.078889 4.794054 5.457624 6.063731 6.607703 7.086154 7.497033 7.839619 8.114467 8.323305 8.468889 8.554835 8.585426 8.565426 8.499890 8.394003 8.252930 8.081699 7.885107 7.667655 7.433497 7.186420 6.929829 6.666754 6.399859 6.131463 5.863564 5.597861 5.335786 5.078527 4.827057 4.582160 4.344449 4.114393 3.892335 3.678507 3.473051 3.276028 3.087431 2.907201 2.735230 2.571373 2.415454 2.267273 2.126610 1.993230 1.866889 1.747335 1.634310 1.527556 1.426813 1.331823 1.242332 1.158089 1.078847 1.004366 0.934412 0.868758 0.807183 0.749474 0.695425 0.644838 0.597521 0.553293 0.511976 0.473402 0.437410 0.403845 0.372560 0.343415 0.316274 0.291010 0.267501 0.245630 0.225286 0.206363 0.188763 0.172387 0.157146 0.142952 0.129723 0.117379 0.105844 0.095047 0.084917 0.075389 0.066397 0.057881 0.049781 0.042038 0.034596 0.027399 0.020394 0.013528 0.006747 0.000000 
0.000000 0.772909 1.537469 2.285378 3.008663 3.699834 4.352041 4.959217 5.516202 6.018844 6.464078 6.849955 7.175645 7.441388 7.648425 7.798877 7.895617 7.942119 7.942308 7.900409 7.820808 7.707932 7.566138 7.399638 7.212426 7.008238 6.790516 6.562396 6.326702 6.085949 5.842357 5.597861 5.354135 5.112611 4.874498 4.640807 4.412369 4.189859 3.973807 3.764623 3.562609 3.367976 3.180851 3.001295 2.829312 2.664855 2.507836 2.358133 2.215599 2.080059 1.951326 1.829194 1.713449 1.603871 1.500232 1.402304 1.309854 1.222655 1.140477 1.063096 0.990290 0.921844 0.857545 0.797187 0.740571 0.687502 0.637794 0.591265 0.547741 0.507054 0.469044 0.433555 0.400440 0.369555 0.340766 0.313943 0.288961 0.265702 0.244053 0.223906 0.205158 0.187711 0.171472 0.156350 0.142262 0.129126 0.116864 0.105401 0.094667 0.084593 0.075113 0.066165 0.057687 0.049619 0.041906 0.034490 0.027318 0.020335 0.013490 0.006728 0.000000 
0.000000 0.700950 1.394620 2.073755 2.731388 3.360969 3.956500 4.512652 5.024867 5.489447 5.903604 6.265497 6.574225 6.829799 7.033077 7.185681 7.289888 7.348516 7.364801 7.342275 7.284649 7.195713 7.079242 6.938923 6.778294 6.600699 6.409254 6.206829 5.996040 5.779242 5.558538 5.335786 5.112611 4.890424 4.670436 4.453673 4.240998 4.033122 3.830625 3.633968 3.443508 3.259511 3.082162 2.911578 2.747818 2.590886 2.440748 2.297330 2.160528 2.030215 1.906241 1.788441 1.676635 1.570635 1.470246 1.375265 1.285489 1.200712 1.120728 1.045333 0.974323 0.907501 0.844668 0.785635 0.730214 0.678223 0.629486 0.583832 0.541096 0.501118 0.463745 0.428829 0.396227 0.365804 0.337429 0.310976 0.286326 0.263364 0.241981 0.222071 0.203535 0.186278 0.170208 0.155237 0.141284 0.128267 0.116112 0.104744 0.094095 0.084097 0.074685 0.065798 0.057375 0.049357 0.041689 0.034315 0.027182 0.020235 0.013424 0.006696 0.000000 
0.000000 0.636612 1.266869 1.884423 2.483173 3.057380 3.601777 4.111669 4.583020 5.012521 5.397636 5.736630 6.028567 6.273285 6.471348 6.623982 6.732986 6.800645 6.829626 6.822882 6.783554 6.714887 6.620147 6.502558 6.365245 6.211192 6.043211 5.863917 5.675716 5.480801 5.281149 5.078527 4.874498 4.670436 4.467534 4.266820 4.069168 3.875316 3.685874 3.501342 3.322120 3.148516 2.980765 2.819029 2.663412 2.513969 2.370705 2.233593 2.102568 1.977543 1.858405 1.745023 1.637251 1.534931 1.437896 1.345972 1.258979 1.176733 1.099051 1.025748 0.956638 0.891540 0.830272 0.772657 0.718522 0.667695 0.620012 0.575312 0.533438 0.494239 0.457570 0.423289 0.391261 0.361355 0.333446 0.307413 0.283141 0.260520 0.239442 0.219808 0.201520 0.184485 0.168614 0.153824 0.140031 0.127160 0.115135 0.103884 0.093341 0.083438 0.074113 0.065304 0.056952 0.049000 0.041392 0.034074 0.026993 0.020096 0.013332 0.006650 0.000000 
0.000000 0.578970 1.152384 1.714680 2.260506 2.784822 3.282992 3.750870 4.184869 4.582024 4.940024 5.257242 5.532728 5.766196 5.957984 6.109002 6.220669 6.294830 6.333685 6.339704 6.315545 6.263983 6.187845 6.089945 5.973039 5.839786 5.692711 5.534188 5.366424 5.191445 5.011101 4.827057 4.640807 4.453673 4.266820 4.081260 3.897871 3.717399 3.540474 3.367624 3.199277 3.035779 2.877399 2.724340 2.576746 2.434707 2.298270 2.167443 2.042201 1.922488 1.808227 1.699318 1.595645 1.497078 1.403477 1.314693 1.230569 1.150943 1.075652 1.004529 0.937406 0.874118 0.814499 0.758384 0.705613 0.656026 0.609470 0.565793 0.524847 0.486491 0.450586 0.416997 0.385596 0.356258 0.328862 0.303295 0.279443 0.257201 0.236468 0.217144 0.199135 0.182353 0.166711 0.152127 0.138521 0.125818 0.113945 0.102833 0.092414 0.082625 0.073403 0.064688 0.056423 0.048551 0.041018 0.033769 0.026753 0.019919 0.013215 0.006592 0.000000 
0.000000 0.527220 1.049578 1.562189 2.060350 2.539627 2.995928 3.425583 3.825400 4.192714 4.525420 4.821994 5.081494 5.303544 5.488310 5.636453 5.749081 5.827684 5.874076 5.890319 5.878665 5.841488 5.781230 5.700348 5.601269 5.486354 5.357869 5.217961 5.068644 4.911785 4.749103 4.582160 4.412369 4.240998 4.069168 3.897871 3.727971 3.560216 3.395245 3.233600 3.075733 2.922016 2.772745 2.628154 2.488419 2.353664 2.223968 2.099372 1.979882 1.865474 1.756099 1.651688 1.552151 1.457384 1.367273 1.281689 1.200499 1.123561 1.050731 0.981860 0.916796 0.855390 0.797490 0.742944 0.691604 0.643323 0.597956 0.555363 0.515405 0.477947 0.442859 0.410013 0.379287 0.350562 0.323724 0.298662 0.275269 0.253444 0.233087 0.214105 0.196407 0.179906 0.164519 0.150165 0.136769 0.124256 0.112556 0.101600 0.091325 0.081666 0.072564 0.063959 0.055795 0.048017 0.040571 0.033405 0.026467 0.019707 0.013076 0.006523 0.000000 
0.000000 0.480669 0.957076 1.424924 1.880074 2.318613 2.736928 3.131759 3.500260 3.840032 4.149158 4.426215 4.670280 4.880918 5.058162 5.202477 5.314721 5.396094 5.448086 5.472424 5.471012 5.445881 5.399142 5.332935 5.249397 5.150621 5.038635 4.915377 4.782679 4.642253 4.495690 4.344449 4.189859 4.033122 3.875316 3.717399 3.560216 3.404506 3.250909 3.099974 2.952167 2.807875 2.667419 2.531056 2.398986 2.271362 2.148290 2.029838 1.916040 1.806899 1.702393 1.602477 1.507088 1.416145 1.329554 1.247211 1.169000 1.094801 1.024485 0.957921 0.894974 0.835507 0.779383 0.726463 0.676612 0.629692 0.585569 0.544112 0.505191 0.468680 0.434456 0.402398 0.372390 0.344319 0.318077 0.293556 0.270657 0.249280 0.229332 0.210721 0.193360 0.177166 0.162058 0.147958 0.134792 0.122489 0.110980 0.100200 0.090084 0.080572 0.071604 0.063123 0.055074 0.047403 0.040057 0.032985 0.026136 0.019462 0.012914 0.006442 0.000000 
0.000000 0.438713 0.873685 1.301129 1.717394 2.119024 2.502817 2.865877 3.205658 3.520002 3.807158 4.065804 4.295044 4.494406 4.663823 4.803606 4.914411 4.997199 5.053197 5.083844 5.090753 5.075662 5.040392 4.986810 4.916792 4.832194 4.734827 4.626435 4.508681 4.383131 4.251250 4.114393 3.973807 3.830625 3.685874 3.540474 3.395245 3.250909 3.108099 2.967366 2.829179 2.693940 2.561982 2.433580 2.308955 2.188282 2.071688 1.959267 1.851074 1.747137 1.647457 1.552012 1.460759 1.373641 1.290583 1.211500 1.136296 1.064867 0.997103 0.932886 0.872098 0.814616 0.760314 0.709067 0.660750 0.615237 0.572403 0.532127 0.494287 0.458765 0.425444 0.394213 0.364960 0.337579 0.311966 0.288020 0.265644 0.244745 0.225233 0.207019 0.190020 0.174156 0.159348 0.145523 0.132607 0.120533 0.109233 0.098644 0.088703 0.079352 0.070532 0.062188 0.054266 0.046714 0.039479 0.032512 0.025764 0.019186 0.012731 0.006352 0.000000 
0.000000 0.400829 0.798368 1.189276 1.570326 1.938458 2.290832 2.624868 2.938288 3.229144 3.495841 3.737150 3.952212 4.140533 4.301972 4.436718 4.545265 4.628381 4.687070 4.722534 4.736137 4.729365 4.703791 4.661040 4.602760 4.530595 4.446159 4.351019 4.246680 4.134572 4.016038 3.892335 3.764623 3.633968 3.501342 3.367624 3.233600 3.099974 2.967366 2.836319 2.707304 2.580728 2.456933 2.336207 2.218787 2.104862 1.994580 1.888052 1.785356 1.686537 1.591618 1.500597 1.413450 1.330137 1.250605 1.174785 1.102599 1.033958 0.968767 0.906925 0.848326 0.792860 0.740414 0.690876 0.644129 0.600060 0.558552 0.519493 0.482769 0.448271 0.415889 0.385517 0.357052 0.330391 0.305437 0.282094 0.260269 0.239874 0.220821 0.203028 0.186413 0.170899 0.156412 0.142879 0.130231 0.118402 0.107327 0.096943 0.087192 0.078015 0.069356 0.061161 0.053378 0.045955 0.038843 0.031991 0.025354 0.018882 0.012530 0.006251 0.000000 
0.000000 0.366560 0.730224 1.088037 1.437141 1.774825 2.098563 2.406053 2.695254 2.964408 3.212059 3.437070 3.638619 3.816206 3.969634 4.098999 4.204666 4.287240 4.347543 4.386578 4.405497 4.405572 4.388159 4.354675 4.306565 4.245282 4.172265 4.088920 3.996607 3.896624 3.790205 3.678507 3.562609 3.443508 3.322120 3.199277 3.075733 2.952167 2.829179 2.707304 2.587009 2.468698 2.352720 2.239371 2.128897 2.021501 1.917345 1.816556 1.719227 1.625423 1.535182 1.448518 1.365427 1.285885 1.209856 1.137285 1.068111 1.002260 0.939651 0.880198 0.823805 0.770377 0.719812 0.672007 0.626858 0.584260 0.544107 0.506294 0.470716 0.437270 0.405855 0.376371 0.348719 0.322805 0.298535 0.275819 0.254568 0.234699 0.216128 0.198775 0.182563 0.167419 0.153269 0.140046 0.127682 0.116112 0.105275 0.095111 0.085562 0.076571 0.068084 0.060050 0.052416 0.045133 0.038152 0.031426 0.024908 0.018551 0.012311 0.006142 0.000000 
0.000000 0.335509 0.668465 0.996250 1.316331 1.626297 1.923900 2.207085 2.474019 2.723113 2.953040 3.162747 3.351456 3.518667 3.664145 3.787914 3.890233 3.971578 4.032618 4.074186 4.097259 4.102922 4.092346 4.066764 4.027444 3.975669 3.912721 3.839858 3.758308 3.669249 3.573809 3.473051 3.367976 3.259511 3.148516 3.035779 2.922016 2.807875 2.693940 2.580728 2.468698 2.358252 2.249738 2.143456 2.039659 1.938559 1.840329 1.745108 1.653003 1.564092 1.478428 1.396040 1.316940 1.241119 1.168552 1.099203 1.033023 0.969952 0.909922 0.852858 0.798678 0.747298 0.698627 0.652573 0.609041 0.567934 0.529157 0.492611 0.458201 0.425831 0.395405 0.366830 0.340014 0.314868 0.291304 0.269235 0.248579 0.229255 0.211183 0.194288 0.178497 0.163738 0.149942 0.137042 0.124975 0.113679 0.103093 0.093160 0.083824 0.075030 0.066726 0.058862 0.051387 0.044253 0.037412 0.030820 0.024430 0.018196 0.012076 0.006026 0.000000 
0.000000 0.307329 0.612405 0.912903 1.206574 1.491274 1.764997 2.025905 2.272350 2.502895 2.716332 2.911686 3.088224 3.245452 3.383114 3.501173 3.599807 3.679385 3.740449 3.783693 3.809939 3.820116 3.815235 3.796367 3.764624 3.721142 3.667057 3.603497 3.531566 3.452335 3.366830 3.276028 3.180851 3.082162 2.980765 2.877399 2.772745 2.667419 2.561982 2.456933 2.352720 2.249738 2.148332 2.048802 1.951404 1.856358 1.763842 1.674006 1.586967 1.502815 1.421615 1.343409 1.268221 1.196055 1.126900 1.060733 0.997515 0.937201 0.879734 0.825051 0.773081 0.723750 0.676978 0.632681 0.590776 0.551173 0.513785 0.478523 0.445297 0.414019 0.384599 0.356952 0.330990 0.306629 0.283787 0.262383 0.242337 0.223574 0.206017 0.189596 0.174239 0.159878 0.146449 0.133886 0.122128 0.111116 0.100793 0.091101 0.081988 0.073402 0.065290 0.057604 0.050296 0.043320 0.036628 0.030177 0.023922 0.017820 0.011827 0.005901 0.000000 
