0.000000 0.000000 0.000000 0.000000 0.000000 0.000000 0.000000 0.000000 0.000000 0.000000 0.000000 0.000000 0.000000 0.000000 0.000000 0.000000 0.000000 0.000000 0.000000 0.000000 0.000000 0.000000 0.000000 0.000000 0.000000 0.000000 0.000000 0.000000 0.000000 0.000000 0.000000 0.000000 0.000000 0.000000 0.000000 0.000000 0.000000 0.000000 0.000000 0.000000 0.000000 0.000000 0.000000 0.000000 0.000000 0.000000 0.000000 0.000000 0.000000 0.000000 0.000000 0.000000 0.000000 0.000000 0.000000 0.000000 0.000000 0.000000 0.000000 0.000000 0.000000 0.000000 0.000000 0.000000 0.000000 0.000000 0.000000 0.000000 0.000000 0.000000 0.000000 0.000000 0.000000 0.000000 0.000000 0.000000 0.000000 0.000000 0.000000 0.000000 0.000000 0.000000 0.000000 0.000000 0.000000 0.000000 0.000000 0.000000 0.000000 0.000000 0.000000 0.000000 0.000000 0.000000 0.000000 0.000000 0.000000 0.000000 0.000000 0.000000 0.000000 
0.000000 0.715305 1.430332 2.143091 2.848484 3.534017 4.179079 4.757549 5.238873 5.590384 5.786329 5.818916 5.701231 5.460724 5.131382 4.748440 4.343525 3.940280 3.553516 3.191918 2.860644 2.561855 2.294817 2.057148 1.846292 1.659871 1.495322 1.349939 1.221314 1.107457 1.006528 0.916759 0.836705 0.765318 0.701657 0.644638 0.593219 0.546736 0.504862 0.467228 0.433207 0.402131 0.373635 0.347663 0.324145 0.302760 0.283062 0.264752 0.247765 0.232094 0.217646 0.204333 0.192150 0.180935 0.170296 0.160204 0.151092 0.142735 0.134549 0.126965 0.120127 0.113522 0.107546 0.101889 0.096188 0.090996 0.086070 0.081641 0.077208 0.072906 0.069153 0.065374 0.061850 0.058490 0.055275 0.052045 0.049226 0.046279 0.043730 0.041065 0.038591 0.036114 0.033750 0.031509 0.029333 0.027274 0.025186 0.023204 0.021163 0.019293 0.017362 0.015611 0.013766 0.012040 0.010238 0.008507 0.006769 0.005069 0.003378 0.001703 0.000000 
0.000000 1.430332 2.863213 4.295103 5.716315 7.106299 8.425309 9.615046 10.607476 11.333453 11.735649 11.791006 11.526478 11.008029 10.314805 9.520551 8.687409 7.863465 7.080164 6.353580 5.690308 5.092624 4.559612 4.086972 3.668540 3.298444 2.971625 2.683137 2.428054 2.202097 2.001779 1.823885 1.665295 1.523448 1.396580 1.283197 1.181500 1.089608 1.006240 0.930834 0.862903 0.801478 0.745347 0.693717 0.646424 0.603441 0.564339 0.528307 0.494643 0.463115 0.433945 0.407485 0.383642 0.361455 0.339982 0.319781 0.301707 0.284807 0.268522 0.253805 0.239989 0.226799 0.215023 0.203343 0.192073 0.181715 0.171988 0.163202 0.154093 0.145905 0.138160 0.130544 0.123479 0.116924 0.110396 0.104249 0.098354 0.092497 0.087279 0.081971 0.077161 0.072264 0.067563 0.063016 0.058543 0.054447 0.050263 0.046433 0.042374 0.038625 0.034733 0.031120 0.027499 0.023994 0.020522 0.017025 0.013581 0.010135 0.006730 0.003372 0.000000 
0.000000 2.143091 4.295103 6.457989 8.618928 10.749488 12.796374 14.669506 16.247548 17.401686 18.027108 18.080732 17.609761 16.733424 15.596596 14.328010 13.023484 11.749600 10.550327 9.449327 8.453470 7.560505 6.765510 6.062100 5.441545 4.893900 4.410234 3.983135 3.605747 3.271510 2.974853 2.711320 2.476799 2.267208 2.079145 1.910363 1.759126 1.623267 1.500296 1.388364 1.286681 1.194792 1.111647 1.035666 0.965618 0.901131 0.842211 0.788416 0.738687 0.692081 0.648606 0.609019 0.573338 0.540050 0.508105 0.478512 0.451515 0.425606 0.401464 0.379851 0.359022 0.339703 0.321897 0.303988 0.287458 0.271894 0.257671 0.244087 0.230510 0.218703 0.206838 0.195550 0.184870 0.174980 0.165074 0.156339 0.147219 0.138876 0.130581 0.122758 0.115361 0.108200 0.101301 0.094506 0.087853 0.081452 0.075271 0.069337 0.063583 0.057822 0.052260 0.046576 0.041245 0.035817 0.030702 0.025491 0.020388 0.015241 0.010128 0.005016 0.000000 
0.000000 2.848484 5.716315 8.618928 11.551981 14.482048 17.341727 20.012538 22.310092 24.005445 24.893330 24.889145 24.094325 22.723940 21.015297 19.168976 17.323906 15.561762 13.926731 12.441153 11.110869 9.928670 8.881434 7.956320 7.141495 6.424417 5.792273 5.233944 4.740380 4.303441 3.915522 3.570297 3.262828 2.988563 2.742821 2.521588 2.322286 2.143148 1.981941 1.835813 1.702412 1.580694 1.470281 1.370243 1.278833 1.194408 1.116245 1.044246 0.978060 0.916927 0.860437 0.808668 0.760958 0.715879 0.673617 0.635406 0.599701 0.564977 0.533335 0.504437 0.476745 0.451761 0.427545 0.403711 0.381974 0.361392 0.342828 0.324025 0.306526 0.290722 0.274915 0.260141 0.246113 0.232565 0.219497 0.207751 0.195670 0.184987 0.173765 0.163529 0.153325 0.143776 0.134665 0.125684 0.117162 0.108415 0.100336 0.092032 0.084564 0.076778 0.069627 0.062095 0.054971 0.047722 0.040746 0.033862 0.027067 0.020297 0.013553 0.006723 0.000000 
0.000000 3.534017 7.106299 10.749488 14.482048 18.284868 22.083698 25.730066 28.966564 31.414070 32.659723 32.492706 31.147937 29.047016 26.576238 24.015263 21.539636 19.240893 17.153378 15.282524 13.622314 12.159207 10.872944 9.741445 8.745774 7.870187 7.099720 6.419985 5.818757 5.286180 4.813478 4.392524 4.016669 3.680889 3.380583 3.110807 2.867131 2.646730 2.447924 2.268648 2.105927 1.957013 1.820562 1.696251 1.583372 1.480168 1.384600 1.295467 1.212648 1.136589 1.067582 1.004758 0.945704 0.888979 0.836521 0.789481 0.744932 0.702382 0.663841 0.627315 0.593108 0.562226 0.531433 0.502321 0.475262 0.450106 0.426815 0.403069 0.382076 0.361749 0.342208 0.323915 0.306804 0.289615 0.273887 0.258426 0.243799 0.230197 0.216647 0.203981 0.191276 0.179208 0.167656 0.156445 0.145951 0.135281 0.125230 0.114927 0.105278 0.095681 0.086517 0.077521 0.068513 0.059722 0.050822 0.042211 0.033647 0.025226 0.016855 0.008474 0.000000 
0.000000 4.179079 8.425309 12.796374 17.341727 22.083698 26.977783 31.866997 36.414015 40.014944 41.835035 41.282891 38.963602 35.733350 32.220394 28.780264 25.585989 22.707939 20.157085 17.912008 15.941336 14.215719 12.707532 11.388231 10.230684 9.212755 8.316828 7.527040 6.828656 6.209338 5.659186 5.169354 4.731611 4.339299 3.987583 3.672115 3.387983 3.130514 2.896683 2.684935 2.493519 2.319560 2.160047 2.013301 1.878960 1.756513 1.644236 1.539817 1.442015 1.351536 1.269683 1.195496 1.125556 1.058601 0.997018 0.940597 0.886698 0.837041 0.791865 0.748183 0.708116 0.670575 0.633413 0.599351 0.567109 0.537758 0.509080 0.481279 0.456631 0.431881 0.408703 0.386849 0.366335 0.345977 0.327719 0.308691 0.291705 0.274625 0.258933 0.243649 0.228882 0.214535 0.200480 0.187088 0.174091 0.161807 0.149553 0.137864 0.125880 0.114667 0.103209 0.092628 0.081799 0.071473 0.060939 0.050590 0.040272 0.030125 0.020020 0.010114 0.000000 
0.000000 4.757549 9.615046 14.669506 20.012538 25.730066 31.866997 38.345537 44.818503 50.399384 53.372101 51.835432 47.699389 42.709423 37.785472 33.291537 29.319400 25.855745 22.855129 20.260918 18.013272 16.058978 14.356445 12.871742 11.573552 10.433631 9.429376 8.543108 7.759304 7.063816 6.444930 5.893284 5.400409 4.958278 4.560417 4.202341 3.880162 3.589235 3.324811 3.083694 2.864429 2.665646 2.484749 2.318600 2.165155 2.023820 1.894136 1.774660 1.663739 1.561090 1.467218 1.380800 1.299319 1.223207 1.153866 1.088367 1.025522 0.968815 0.916385 0.866434 0.821034 0.776511 0.733639 0.694379 0.657436 0.623730 0.589586 0.558510 0.529562 0.501004 0.474280 0.449090 0.424625 0.401626 0.380154 0.358564 0.338974 0.318855 0.300628 0.282580 0.265666 0.249286 0.233041 0.217657 0.202092 0.187892 0.173394 0.160170 0.146367 0.133431 0.120130 0.107491 0.094984 0.082806 0.070840 0.058862 0.046940 0.035095 0.023254 0.011612 0.000000 
0.000000 5.238873 10.607476 16.247548 22.310092 28.966564 36.414015 44.818503 54.114253 63.403928 69.421955 64.976435 57.283441 49.628511 42.928399 37.275412 32.535979 28.542881 25.154733 22.264284 19.786157 17.647890 15.791005 14.172047 12.757261 11.516743 10.423990 9.457872 8.601904 7.841710 7.164296 6.559022 6.017446 5.531781 5.094417 4.699173 4.341974 4.019499 3.727554 3.461466 3.217895 2.995429 2.793074 2.608609 2.438859 2.281323 2.135029 1.999903 1.875935 1.762786 1.658808 1.560805 1.467680 1.382443 1.305250 1.231350 1.161323 1.097756 1.037488 0.981772 0.930628 0.879633 0.831931 0.787298 0.746165 0.707349 0.668615 0.634345 0.600710 0.568766 0.538639 0.510298 0.482042 0.456561 0.431146 0.407670 0.384969 0.362836 0.341791 0.321192 0.301746 0.283098 0.264994 0.247598 0.230213 0.213612 0.197254 0.181673 0.166534 0.151575 0.137050 0.122310 0.108196 0.094021 0.080418 0.066857 0.053447 0.040014 0.026641 0.013159 0.000000 
0.000000 5.590384 11.333453 17.401686 24.005445 31.414070 40.014944 50.399384 63.403928 79.679082 95.947867 81.368889 66.818492 55.586476 47.032774 40.354096 35.001464 30.616628 26.958079 23.862939 21.220944 18.950443 16.984762 15.270894 13.769838 12.451725 11.290345 10.262468 9.349488 8.536807 7.811604 7.162292 6.579505 6.055912 5.584598 5.158511 4.771806 4.420808 4.102794 3.814137 3.550382 3.308080 3.085783 2.882776 2.697177 2.525768 2.365736 2.216444 2.079341 1.955369 1.841798 1.733781 1.630969 1.537098 1.450814 1.368554 1.292841 1.222897 1.155598 1.094342 1.036333 0.979646 0.927518 0.878056 0.832925 0.788398 0.746286 0.708206 0.670282 0.634937 0.601573 0.569796 0.538713 0.510386 0.481426 0.455697 0.429684 0.405837 0.382161 0.359456 0.337512 0.316254 0.296243 0.276522 0.257898 0.238945 0.221152 0.202976 0.186275 0.169228 0.153334 0.137005 0.121250 0.105393 0.089905 0.074659 0.059682 0.044710 0.029926 0.014877 0.000000 
0.000000 5.786329 11.735649 18.027108 24.893330 32.659723 41.835035 53.372101 69.421955 95.947867 153.320324 97.745439 73.039582 58.855511 49.255402 42.114612 36.507696 31.960261 28.189825 25.009041 22.291224 19.950468 17.922575 16.154021 14.601457 13.232740 12.023204 10.951068 9.996859 9.144872 8.382642 7.699030 7.083887 6.529137 6.028606 5.576346 5.165944 4.791909 4.450909 4.140785 3.858538 3.600042 3.361778 3.142132 2.940440 2.755052 2.583133 2.422804 2.274728 2.139794 2.015390 1.897716 1.787613 1.686659 1.591130 1.500702 1.419179 1.342781 1.270209 1.203703 1.138466 1.076703 1.019779 0.966384 0.916915 0.867157 0.822308 0.779713 0.738296 0.699493 0.663010 0.627397 0.594285 0.562479 0.531315 0.502522 0.473734 0.447451 0.421440 0.396798 0.372771 0.349165 0.326954 0.304855 0.284507 0.263769 0.244385 0.224469 0.205648 0.186883 0.168899 0.151304 0.133841 0.116676 0.099455 0.082503 0.065796 0.049252 0.032881 0.016577 0.000000 
0.000000 5.818916 11.791006 18.080732 24.889145 32.492706 41.282891 51.835432 64.976435 81.368889 97.745439 83.251601 68.751381 57.545302 49.008687 42.334354 36.961474 32.535330 28.829025 25.684501 22.984326 20.643813 18.603649 16.817907 15.246513 13.855937 12.620936 11.521941 10.541417 9.663502 8.875330 8.166548 7.527644 6.949819 6.426183 5.951669 5.521308 5.129376 4.770737 4.442332 4.142482 3.868819 3.617600 3.385204 3.169649 2.970204 2.786071 2.616290 2.460207 2.316132 2.180665 2.052961 1.936160 1.828881 1.725602 1.628663 1.540614 1.457225 1.380332 1.308472 1.237158 1.170924 1.108891 1.051951 0.997399 0.943881 0.896049 0.848894 0.804430 0.762390 0.722708 0.683583 0.648264 0.612751 0.580174 0.548021 0.517343 0.487987 0.459730 0.432895 0.406896 0.381625 0.357084 0.333164 0.310198 0.288082 0.266496 0.245656 0.224660 0.204578 0.184319 0.165173 0.145988 0.127438 0.108827 0.090371 0.071964 0.053847 0.035707 0.018018 0.000000 
0.000000 5.701231 11.526478 17.609761 24.094325 31.147937 38.963602 47.699389 57.283441 66.818492 73.039582 68.751381 61.167590 53.577647 46.904563 41.243407 36.461662 32.396662 28.914527 25.913587 23.310808 21.036151 19.035590 17.270132 15.708334 14.321202 13.083546 11.976071 10.983593 10.092227 9.289271 8.564417 7.909252 7.315756 6.776326 6.285104 5.838013 5.431025 5.059124 4.717528 4.403379 4.115359 3.851633 3.608770 3.382964 3.172033 2.976148 2.796674 2.633354 2.481950 2.337439 2.201069 2.077141 1.962437 1.852763 1.751480 1.657163 1.567298 1.485712 1.407668 1.331866 1.261693 1.195262 1.134464 1.074416 1.018436 0.966863 0.915910 0.868367 0.823431 0.780280 0.738717 0.700320 0.661796 0.627183 0.592145 0.559859 0.527743 0.497288 0.468031 0.439766 0.413021 0.386340 0.361139 0.335593 0.311934 0.287970 0.265854 0.243204 0.221734 0.199888 0.178822 0.158012 0.137710 0.117740 0.097947 0.078100 0.058477 0.038753 0.019298 0.000000 
0.000000 5.460724 11.008029 16.733424 22.723940 29.047016 35.733350 42.709423 49.628511 55.586476 58.855511 57.545302 53.577647 48.691639 43.799828 39.277936 35.236786 31.668507 28.524002 25.752050 23.307904 21.148278 19.231412 17.523076 15.998084 14.635309 13.414086 12.315777 11.325852 10.432657 9.625265 8.893594 8.229515 7.626326 7.077331 6.575963 6.117219 5.697864 5.314736 4.963524 4.639799 4.340811 4.065408 3.812051 3.577556 3.358500 3.153952 2.965753 2.794348 2.635201 2.483660 2.341680 2.211306 2.088221 1.972508 1.867348 1.767633 1.673304 1.586518 1.501784 1.422177 1.348104 1.278600 1.213426 1.148658 1.090431 1.034522 0.980659 0.930021 0.882309 0.835637 0.792429 0.750354 0.710015 0.672209 0.635054 0.600561 0.566455 0.533981 0.502465 0.471914 0.443134 0.414659 0.387895 0.360805 0.335167 0.309500 0.285138 0.261252 0.237945 0.215142 0.192293 0.170029 0.147900 0.126327 0.105066 0.083967 0.062893 0.041948 0.020728 0.000000 
0.000000 5.131382 10.314805 15.596596 21.015297 26.576238 32.220394 37.785472 42.928399 47.032774 49.255402 49.008687 46.904563 43.799828 40.323681 36.842170 33.543819 30.509244 27.754698 25.266981 23.027335 21.017015 19.213488 17.591478 16.129127 14.810217 13.620637 12.545726 11.571794 10.688004 9.885448 9.155516 8.490220 7.883226 7.329296 6.822891 6.358328 5.931297 5.539247 5.179778 4.849248 4.543544 4.259860 3.996921 3.753447 3.527398 3.317412 3.123562 2.944614 2.776664 2.618429 2.472733 2.337335 2.207183 2.086160 1.975887 1.871091 1.773983 1.682102 1.591781 1.508326 1.430107 1.358054 1.288194 1.220513 1.159402 1.099307 1.042846 0.989389 0.938693 0.889119 0.843947 0.798522 0.756914 0.715659 0.676870 0.639524 0.603720 0.569360 0.535909 0.503611 0.472301 0.442305 0.413205 0.385284 0.357515 0.330893 0.304119 0.278877 0.253559 0.229541 0.205345 0.181732 0.158132 0.134911 0.111975 0.089512 0.066998 0.044864 0.022360 0.000000 
0.000000 4.748440 9.520551 14.328010 19.168976 24.015263 28.780264 33.291537 37.275412 40.354096 42.114612 42.334354 41.243407 39.277936 36.842170 34.221794 31.596549 29.074520 26.712231 24.528126 22.520895 20.685048 19.013908 17.495912 16.115493 14.858524 13.714534 12.674080 11.726741 10.862503 10.073343 9.352457 8.693020 8.088673 7.534530 7.026571 6.560265 6.130685 5.734073 5.368399 5.031892 4.721470 4.433181 4.163986 3.912706 3.679542 3.464959 3.267770 3.083483 2.907878 2.743318 2.593445 2.453152 2.318494 2.194013 2.077984 1.968280 1.868125 1.771273 1.677505 1.590425 1.508460 1.433105 1.358658 1.289524 1.224880 1.161520 1.102322 1.046360 0.992414 0.940974 0.892824 0.845133 0.801607 0.757802 0.717311 0.677297 0.639553 0.603221 0.567958 0.534326 0.500818 0.469333 0.437788 0.408577 0.379006 0.351276 0.322989 0.296042 0.269135 0.243234 0.217823 0.192797 0.168054 0.143453 0.118969 0.094921 0.071009 0.047351 0.023879 0.000000 
0.000000 4.343525 8.687409 13.023484 17.323906 21.539636 25.585989 29.319400 32.535979 35.001464 36.507696 36.961474 36.461662 35.236786 33.543819 31.596549 29.544696 27.488501 25.495852 23.607036 21.837952 20.191102 18.666469 17.262985 15.974969 14.792702 13.706955 12.710940 11.798289 10.961553 10.193424 9.488008 8.840111 8.244270 7.695384 7.189695 6.724192 6.295209 5.898473 5.530652 5.190066 4.875345 4.583727 4.311367 4.055653 3.817085 3.597861 3.397080 3.208648 3.028299 2.859670 2.704928 2.558727 2.420999 2.294405 2.173751 2.060388 1.955842 1.853903 1.757949 1.667855 1.583392 1.503767 1.425550 1.354937 1.286590 1.220981 1.159109 1.100683 1.043642 0.990876 0.939222 0.890273 0.843795 0.798510 0.755890 0.714013 0.674196 0.635764 0.598697 0.563411 0.528532 0.495317 0.462226 0.430831 0.399958 0.370303 0.341271 0.312550 0.284593 0.256741 0.229892 0.203327 0.177363 0.151578 0.125927 0.100328 0.075111 0.049782 0.025067 0.000000 
0.000000 3.940280 7.863465 11.749600 15.561762 19.240893 22.707939 25.855745 28.542881 30.616628 31.960261 32.535330 32.396662 31.668507 30.509244 29.074520 27.488501 25.837677 24.183049 22.570129 21.028334 19.570464 18.199994 16.919071 15.729145 14.627715 13.608669 12.665946 11.795137 10.991892 10.250834 9.566643 8.935034 8.352047 7.813265 7.314542 6.852991 6.426414 6.031885 5.665688 5.324769 5.007541 4.712724 4.437938 4.180544 3.940074 3.717912 3.512775 3.319536 3.136365 2.966401 2.807651 2.655827 2.515193 2.385878 2.262177 2.147004 2.037626 1.931165 1.832746 1.740043 1.653959 1.570031 1.489604 1.416436 1.344715 1.277223 1.213133 1.152061 1.092732 1.038163 0.983601 0.933538 0.883944 0.837496 0.792455 0.749242 0.707592 0.667180 0.628469 0.590956 0.555102 0.519894 0.486100 0.452423 0.420471 0.388574 0.358531 0.328307 0.299315 0.270144 0.241739 0.213674 0.186227 0.159142 0.132456 0.105621 0.079151 0.052500 0.026124 0.000000 
0.000000 3.553516 7.080164 10.550327 13.926731 17.153378 20.157085 22.855129 25.154733 26.958079 28.189825 28.829025 28.914527 28.524002 27.754698 26.712231 25.495852 24.183049 22.827410 21.468496 20.138312 18.858824 17.640153 16.485768 15.398538 14.380918 13.432117 12.548300 11.725502 10.960863 10.251365 9.593072 8.982119 8.415436 7.890017 7.402255 6.948733 6.527219 6.136149 5.773203 5.435069 5.118730 4.822447 4.545347 4.286867 4.046887 3.824556 3.616147 3.417988 3.232335 3.061705 2.900246 2.745271 2.602300 2.468977 2.342900 2.226462 2.113076 2.003854 1.902469 1.807345 1.719082 1.631731 1.550543 1.474075 1.399709 1.330097 1.264141 1.200347 1.139755 1.082463 1.026251 0.974335 0.922566 0.874546 0.827307 0.782627 0.739392 0.697353 0.657209 0.617575 0.580385 0.543307 0.508566 0.473421 0.440167 0.406722 0.374904 0.343481 0.313002 0.282990 0.253236 0.223915 0.194969 0.166440 0.138449 0.110610 0.082859 0.055301 0.027378 0.000000 
0.000000 3.191918 6.353580 9.449327 12.441153 15.282524 17.912008 20.260918 22.264284 23.862939 25.009041 25.684501 25.913587 25.752050 25.266981 24.528126 23.607036 22.570129 21.468496 20.337151 19.203037 18.089474 17.013174 15.982138 14.999527 14.068306 13.191194 12.368293 11.597233 10.875464 10.201153 9.572159 8.985555 8.438533 7.928943 7.454519 7.012296 6.599408 6.214098 5.855244 5.520913 5.207938 4.913274 4.635765 4.376614 4.137380 3.916034 3.706361 3.505456 3.318092 3.145646 2.981609 2.826081 2.682072 2.545048 2.416923 2.297972 2.181505 2.071290 1.967468 1.870459 1.778726 1.689080 1.607328 1.527818 1.451687 1.379867 1.311926 1.245732 1.184268 1.123965 1.067017 1.012473 0.959632 0.909562 0.860716 0.814271 0.769416 0.726071 0.684438 0.643514 0.604443 0.566062 0.529449 0.493571 0.458651 0.424518 0.390770 0.358236 0.326033 0.294978 0.264105 0.233744 0.203568 0.173747 0.144218 0.115277 0.086246 0.057718 0.028799 0.000000 
0.000000 2.860644 5.690308 8.453470 11.110869 13.622314 15.941336 18.013272 19.786157 21.220944 22.291224 22.984326 23.310808 23.307904 23.027335 22.520895 21.837952 21.028334 20.138312 19.203037 18.246378 17.287423 16.343624 15.427883 14.546570 13.702485 12.898429 12.137030 11.418826 10.742403 10.106182 9.509017 8.949358 8.424979 7.933845 7.474491 7.045234 6.643620 6.267189 5.914455 5.584458 5.275366 4.984302 4.709395 4.451751 4.213457 3.992319 3.782117 3.581384 3.394389 3.219620 3.052772 2.897478 2.752976 2.614237 2.485003 2.362305 2.243291 2.132409 2.027296 1.929150 1.833612 1.742727 1.659332 1.577554 1.500229 1.426677 1.356456 1.288614 1.225693 1.163135 1.105401 1.048303 0.994705 0.942554 0.892554 0.844397 0.797839 0.753287 0.709930 0.668334 0.627347 0.588160 0.549360 0.512662 0.476047 0.441231 0.406176 0.372447 0.338861 0.306326 0.274319 0.242884 0.211703 0.180867 0.150025 0.119748 0.089553 0.059662 0.030025 0.000000 
0.000000 2.561855 5.092624 7.560505 9.928670 12.159207 14.215719 16.058978 17.647890 18.950443 19.950468 20.643813 21.036151 21.148278 21.017015 20.685048 20.191102 19.570464 18.858824 18.089474 17.287423 16.469535 15.649782 14.841493 14.054740 13.294647 12.563683 11.864391 11.199154 10.568686 9.972205 9.408801 8.877801 8.378053 7.907830 7.465650 7.050557 6.661320 6.295867 5.951960 5.628089 5.323222 5.036043 4.765543 4.512232 4.276499 4.055158 3.844121 3.644992 3.460013 3.284037 3.115622 2.960201 2.814449 2.675727 2.546324 2.420324 2.299586 2.187284 2.081540 1.982299 1.884160 1.792939 1.706859 1.623443 1.544934 1.470204 1.397794 1.329141 1.263881 1.200260 1.140968 1.082246 1.027440 0.973625 0.922497 0.872942 0.824892 0.779038 0.734020 0.691497 0.649125 0.609024 0.568792 0.530685 0.492809 0.456600 0.420821 0.385813 0.351359 0.317343 0.284090 0.251400 0.219181 0.187359 0.155636 0.124017 0.092800 0.061457 0.030824 0.000000 
0.000000 2.294817 4.559612 6.765510 8.881434 10.872944 12.707532 14.356445 15.791005 16.984762 17.922575 18.603649 19.035590 19.231412 19.213488 19.013908 18.666469 18.199994 17.640153 17.013174 16.343624 15.649782 14.943945 14.236627 13.538166 12.856498 12.195786 11.558220 10.946065 10.361406 9.804994 9.276460 8.775360 8.301349 7.853552 7.430597 7.031396 6.655351 6.301533 5.968053 5.652617 5.353626 5.070780 4.805032 4.557382 4.325977 4.105651 3.894511 3.697165 3.513919 3.338067 3.170613 3.015242 2.867720 2.729408 2.599559 2.471882 2.350781 2.236879 2.130520 2.029300 1.930272 1.839069 1.750460 1.665841 1.585947 1.510027 1.436034 1.366918 1.299179 1.235215 1.173724 1.114332 1.057821 1.002862 0.950430 0.899656 0.850543 0.803256 0.757104 0.712969 0.669795 0.628234 0.587486 0.547691 0.509036 0.471031 0.434458 0.398191 0.362961 0.327870 0.293431 0.259435 0.226040 0.193015 0.160497 0.127806 0.095596 0.063258 0.031378 0.000000 
0.000000 2.057148 4.086972 6.062100 7.956320 9.741445 11.388231 12.871742 14.172047 15.270894 16.154021 16.817907 17.270132 17.523076 17.591478 17.495912 17.262985 16.919071 16.485768 15.982138 15.427883 14.841493 14.236627 13.622511 13.007253 12.398965 11.803941 11.225602 10.665904 10.126850 9.610224 9.116743 8.646302 8.198783 7.774065 7.371477 6.989898 6.628494 6.286848 5.964083 5.658246 5.367176 5.090439 4.830108 4.588000 4.361132 4.143389 3.934474 3.739522 3.556848 3.381565 3.216842 3.062328 2.914168 2.776138 2.644670 2.516590 2.396105 2.281659 2.174675 2.070814 1.971952 1.880231 1.790192 1.704815 1.623687 1.546151 1.471346 1.401338 1.332007 1.267575 1.204068 1.144236 1.086027 1.030217 0.976458 0.924460 0.874533 0.825823 0.779031 0.733095 0.689256 0.645978 0.604770 0.563608 0.524213 0.484830 0.447018 0.409611 0.373261 0.337352 0.301913 0.266801 0.232230 0.197935 0.164316 0.130846 0.097676 0.064926 0.032115 0.000000 
0.000000 1.846292 3.668540 5.441545 7.141495 8.745774 10.230684 11.573552 12.757261 13.769838 14.601457 15.246513 15.708334 15.998084 16.129127 16.115493 15.974969 15.729145 15.398538 14.999527 14.546570 14.054740 13.538166 13.007253 12.469104 11.930103 11.396677 10.873843 10.364443 9.870234 9.392983 8.934199 8.494529 8.074035 7.672819 7.290916 6.927796 6.582492 6.254238 5.942510 5.646304 5.364105 5.095514 4.842372 4.605936 4.382779 4.168177 3.963717 3.772442 3.590276 3.415938 3.253923 3.100601 2.953842 2.816359 2.682881 2.554891 2.434914 2.321190 2.213704 2.107932 2.009505 1.916340 1.825817 1.740044 1.658177 1.578967 1.503882 1.432228 1.362478 1.296949 1.232329 1.171648 1.112188 1.055521 1.000614 0.947465 0.896597 0.846697 0.799179 0.751996 0.707163 0.662592 0.620220 0.578200 0.537675 0.497596 0.458380 0.419995 0.382290 0.345455 0.309110 0.273160 0.237602 0.202362 0.167544 0.133470 0.099601 0.066543 0.033252 0.000000 
0.000000 1.659871 3.298444 4.893900 6.424417 7.870187 9.212755 10.433631 11.516743 12.451725 13.232740 13.855937 14.321202 14.635309 14.810217 14.858524 14.792702 14.627715 14.380918 14.068306 13.702485 13.294647 12.856498 12.398965 11.930103 11.455517 10.980324 10.509653 10.047522 9.596314 9.157617 8.732989 8.323697 7.930307 7.552983 7.191965 6.847379 6.518752 6.205088 5.905420 5.619079 5.345807 5.086319 4.842040 4.612238 4.392666 4.181346 3.982108 3.795136 3.614740 3.442699 3.282690 3.130267 2.986082 2.849448 2.715140 2.587677 2.467718 2.355038 2.246920 2.141036 2.042997 1.948120 1.857381 1.771297 1.688974 1.608764 1.533510 1.460001 1.390372 1.323268 1.258392 1.196440 1.136210 1.078564 1.022667 0.968616 0.916520 0.865787 0.817023 0.769269 0.723066 0.677873 0.633858 0.591203 0.549289 0.508717 0.468429 0.429232 0.390434 0.352569 0.315319 0.278690 0.242397 0.206663 0.171125 0.136517 0.102189 0.068243 0.034345 0.000000 
0.000000 1.495322 2.971625 4.410234 5.792273 7.099720 8.316828 9.429376 10.423990 11.290345 12.023204 12.620936 13.083546 13.414086 13.620637 13.714534 13.706955 13.608669 13.432117 13.191194 12.898429 12.563683 12.195786 11.803941 11.396677 10.980324 10.559401 10.138073 9.720459 9.309792 8.908087 8.516781 8.137248 7.770553 7.417180 7.077345 6.751346 6.439286 6.140553 5.853907 5.578389 5.314465 5.064254 4.829257 4.606800 4.391823 4.184791 3.990661 3.807381 3.630039 3.462048 3.304030 3.152689 3.010885 2.874783 2.741390 2.615197 2.495539 2.383410 2.274334 2.169794 2.071960 1.976159 1.885214 1.798747 1.715755 1.635470 1.559752 1.485101 1.415292 1.346725 1.281745 1.218520 1.157730 1.099074 1.042233 0.987491 0.934115 0.882788 0.832546 0.784393 0.736877 0.691325 0.646050 0.602692 0.559703 0.518366 0.477480 0.437583 0.398183 0.359449 0.321334 0.283979 0.247101 0.211018 0.175298 0.139975 0.104923 0.069596 0.034834 0.000000 
0.000000 1.349939 2.683137 3.983135 5.233944 6.419985 7.527040 8.543108 9.457872 10.262468 10.951068 11.521941 11.976071 12.315777 12.545726 12.674080 12.710940 12.665946 12.548300 12.368293 12.137030 11.864391 11.558220 11.225602 10.873843 10.509653 10.138073 9.762819 9.387322 9.014908 8.648194 8.288892 7.938307 7.597650 7.267814 6.949204 6.642021 6.346471 6.062410 5.788955 5.525162 5.271705 5.031252 4.805143 4.589723 4.380434 4.179452 3.990593 3.810258 3.636576 3.473393 3.317978 3.168940 3.028945 2.892871 2.761373 2.636986 2.518700 2.406678 2.296854 2.193926 2.095919 2.000311 1.909385 1.822583 1.738662 1.658750 1.582095 1.507374 1.436765 1.367375 1.301837 1.237691 1.176311 1.116785 1.059123 1.003715 0.949435 0.897527 0.846303 0.797499 0.749232 0.703076 0.657370 0.613198 0.569724 0.527374 0.486011 0.445356 0.405478 0.366059 0.327201 0.289071 0.251717 0.215083 0.179032 0.142733 0.106760 0.070707 0.035233 0.000000 
0.000000 1.221314 2.428054 3.605747 4.740380 5.818757 6.828656 7.759304 8.601904 9.349488 9.996859 10.541417 10.983593 11.325852 11.571794 11.726741 11.798289 11.795137 11.725502 11.597233 11.418826 11.199154 10.946065 10.665904 10.364443 10.047522 9.720459 9.387322 9.051212 8.714985 8.381344 8.052416 7.729670 7.414283 7.107319 6.809517 6.521161 6.242278 5.972748 5.712180 5.460334 5.218346 4.988577 4.771185 4.562149 4.359030 4.165364 3.982231 3.805132 3.635594 3.476733 3.324342 3.178976 3.040659 2.904914 2.775429 2.652820 2.536672 2.424742 2.315284 2.213443 2.114929 2.020030 1.929446 1.842479 1.757912 1.678177 1.600382 1.526146 1.454448 1.384981 1.318525 1.253921 1.191957 1.131845 1.073725 1.017647 0.963068 0.910480 0.859062 0.809370 0.760900 0.713779 0.667976 0.622933 0.579151 0.535840 0.493753 0.452234 0.411656 0.371672 0.332422 0.293864 0.256182 0.218760 0.181852 0.144939 0.108529 0.072505 0.036199 0.000000 
0.000000 1.107457 2.202097 3.271510 4.303441 5.286180 6.209338 7.063816 7.841710 8.536807 9.144872 9.663502 10.092227 10.432657 10.688004 10.862503 10.961553 10.991892 10.960863 10.875464 10.742403 10.568686 10.361406 10.126850 9.870234 9.596314 9.309792 9.014908 8.714985 8.412644 8.110282 7.810107 7.513862 7.222811 6.938007 6.660358 6.390401 6.128140 5.873233 5.625455 5.385450 5.155253 4.936732 4.728240 4.525576 4.328975 4.142782 3.965382 3.792642 3.628105 3.472879 3.323630 3.182308 3.045778 2.911571 2.784120 2.663136 2.548870 2.437189 2.329435 2.228173 2.129308 2.034976 1.944819 1.857775 1.773386 1.693448 1.614989 1.541075 1.468636 1.399532 1.332410 1.267772 1.205435 1.145038 1.086820 1.030168 0.975584 0.922243 0.870857 0.820275 0.771592 0.723472 0.677213 0.631414 0.587092 0.543214 0.500377 0.458243 0.417064 0.376837 0.337625 0.298961 0.260753 0.222565 0.184840 0.147838 0.110971 0.074357 0.037151 0.000000 
0.000000 1.006528 2.001779 2.974853 3.915522 4.813478 5.659186 6.444930 7.164296 7.811604 8.382642 8.875330 9.289271 9.625265 9.885448 10.073343 10.193424 10.250834 10.251365 10.201153 10.106182 9.972205 9.804994 9.610224 9.392983 9.157617 8.908087 8.648194 8.381344 8.110282 7.837247 7.564258 7.293132 7.025309 6.761874 6.503722 6.251518 6.005420 5.765056 5.530242 5.302229 5.083790 4.876296 4.676638 4.480977 4.291666 4.112556 3.940366 3.772964 3.614175 3.462544 3.316776 3.178862 3.044047 2.912546 2.787417 2.668315 2.555110 2.443901 2.338442 2.237604 2.139127 2.045268 1.955488 1.868461 1.785053 1.704874 1.626804 1.552859 1.480439 1.411677 1.344479 1.279992 1.217477 1.156903 1.098533 1.041433 0.986592 0.932619 0.880873 0.829746 0.780569 0.731987 0.685024 0.638901 0.593970 0.549960 0.506705 0.464405 0.423039 0.382726 0.343201 0.303968 0.264927 0.226443 0.188287 0.150720 0.112906 0.075250 0.037672 0.000000 
0.000000 0.916759 1.823885 2.711320 3.570297 4.392524 5.169354 5.893284 6.559022 7.162292 7.699030 8.166548 8.564417 8.893594 9.155516 9.352457 9.488008 9.566643 9.593072 9.572159 9.509017 9.408801 9.276460 9.116743 8.934199 8.732989 8.516781 8.288892 8.052416 7.810107 7.564258 7.316791 7.069415 6.823633 6.580631 6.341290 6.106222 5.875653 5.649400 5.427598 5.211953 5.005345 4.808272 4.616936 4.428894 4.247753 4.075444 3.908120 3.746473 3.593396 3.445755 3.304112 3.168836 3.035683 2.907268 2.784757 2.668057 2.555488 2.445355 2.341944 2.241706 2.144529 2.051597 1.962373 1.875776 1.793616 1.713532 1.636674 1.562575 1.490732 1.421926 1.354929 1.290442 1.227752 1.167012 1.108248 1.050974 0.995649 0.941558 0.889250 0.838162 0.788470 0.740007 0.692478 0.646241 0.600717 0.556451 0.512937 0.470601 0.429105 0.388254 0.347701 0.307742 0.268348 0.229765 0.191135 0.152620 0.114216 0.075806 0.037938 0.000000 
0.000000 0.836705 1.665295 2.476799 3.262828 4.016669 4.731611 5.400409 6.017446 6.579505 7.083887 7.527644 7.909252 8.229515 8.490220 8.693020 8.840111 8.935034 8.982119 8.985555 8.949358 8.877801 8.775360 8.646302 8.494529 8.323697 8.137248 7.938307 7.729670 7.513862 7.293132 7.069415 6.844364 6.619425 6.395825 6.174477 5.955916 5.740292 5.527616 5.318603 5.115504 4.920786 4.733606 4.550095 4.369960 4.197289 4.031559 3.869378 3.713637 3.565595 3.422233 3.285113 3.152199 3.021177 2.895766 2.776071 2.662072 2.550550 2.442613 2.340908 2.241725 2.146422 2.055040 1.966709 1.881161 1.799858 1.720195 1.644436 1.570281 1.499072 1.429987 1.363196 1.298642 1.235927 1.175291 1.116290 1.059251 1.003598 0.949774 0.896999 0.846005 0.795773 0.747188 0.699135 0.652455 0.606415 0.561725 0.518154 0.475687 0.433761 0.392216 0.351173 0.311115 0.271553 0.232315 0.193275 0.154154 0.115366 0.076596 0.038320 0.000000 
0.000000 0.765318 1.523448 2.267208 2.988563 3.680889 4.339299 4.958278 5.531781 6.055912 6.529137 6.949819 7.315756 7.626326 7.883226 8.088673 8.244270 8.352047 8.415436 8.438533 8.424979 8.378053 8.301349 8.198783 8.074035 7.930307 7.770553 7.597650 7.414283 7.222811 7.025309 6.823633 6.619425 6.414100 6.208844 6.004560 5.801742 5.600473 5.400923 5.204408 5.013678 4.830524 4.652731 4.476902 4.304846 4.140233 3.980668 3.824227 3.674540 3.531026 3.392160 3.259429 3.129144 3.001295 2.879131 2.762627 2.651275 2.541699 2.436964 2.336932 2.239307 2.145853 2.056061 1.968712 1.884556 1.803563 1.724600 1.649335 1.575538 1.504925 1.435970 1.369568 1.305187 1.242719 1.182337 1.123316 1.066375 1.010435 0.956486 0.903283 0.851887 0.801208 0.752090 0.703796 0.656759 0.610886 0.566279 0.522783 0.479847 0.437433 0.395823 0.354972 0.314553 0.274469 0.234568 0.195101 0.155595 0.116657 0.077950 0.038936 0.000000 
0.000000 0.701657 1.396580 2.079145 2.742821 3.380583 3.987583 4.560417 5.094417 5.584598 6.028606 6.426183 6.776326 7.077331 7.329296 7.534530 7.695384 7.813265 7.890017 7.928943 7.933845 7.907830 7.853552 7.774065 7.672819 7.552983 7.417180 7.267814 7.107319 6.938007 6.761874 6.580631 6.395825 6.208844 6.020840 5.832643 5.644672 5.457025 5.270138 5.085861 4.907119 4.734772 4.565694 4.397634 4.233864 4.076695 3.922946 3.772801 3.629309 3.490557 3.356710 3.228134 3.101094 2.977465 2.859175 2.746323 2.637339 2.530365 2.428869 2.330463 2.234631 2.142713 2.054090 1.967740 1.885037 1.804433 1.726651 1.651692 1.578791 1.508715 1.440331 1.374308 1.310060 1.247695 1.187188 1.128110 1.070859 1.014816 0.960497 0.907337 0.855621 0.805092 0.755706 0.707694 0.660859 0.615539 0.570943 0.526947 0.483494 0.441069 0.399462 0.358348 0.317476 0.277109 0.236691 0.196711 0.157365 0.118149 0.078877 0.039319 0.000000 
0.000000 0.644638 1.283197 1.910363 2.521588 3.110807 3.672115 4.202341 4.699173 5.158511 5.576346 5.951669 6.285104 6.575963 6.822891 7.026571 7.189695 7.314542 7.402255 7.454519 7.474491 7.465650 7.430597 7.371477 7.290916 7.191965 7.077345 6.949204 6.809517 6.660358 6.503722 6.341290 6.174477 6.004560 5.832643 5.659480 5.485387 5.310506 5.135685 4.963303 4.796074 4.633686 4.472710 4.312617 4.157345 4.007337 3.859678 3.716420 3.579260 3.446031 3.317858 3.193400 3.070203 2.951115 2.836961 2.727678 2.620715 2.516514 2.417494 2.320647 2.226764 2.136443 2.048928 1.963949 1.882603 1.802896 1.726451 1.651850 1.579804 1.509908 1.441977 1.376117 1.311962 1.249763 1.189222 1.130499 1.073266 1.017709 0.963390 0.910668 0.858890 0.808609 0.759226 0.711566 0.665002 0.619500 0.574407 0.530159 0.486932 0.444502 0.402499 0.361188 0.320144 0.279205 0.238690 0.198750 0.159074 0.119047 0.079408 0.039822 0.000000 
0.000000 0.593219 1.181500 1.759126 2.322286 2.867131 3.387983 3.880162 4.341974 4.771806 5.165944 5.521308 5.838013 6.117219 6.358328 6.560265 6.724192 6.852991 6.948733 7.012296 7.045234 7.050557 7.031396 6.989898 6.927796 6.847379 6.751346 6.642021 6.521161 6.390401 6.251518 6.106222 5.955916 5.801742 5.644672 5.485387 5.324150 5.161213 4.997890 4.837018 4.680824 4.527834 4.374909 4.223306 4.076750 3.934024 3.793299 3.657476 3.526665 3.399427 3.276874 3.156308 3.037105 2.922117 2.811751 2.705418 2.600507 2.499278 2.402286 2.307283 2.215589 2.127129 2.040927 1.957562 1.877118 1.798472 1.722924 1.648863 1.577538 1.507994 1.440731 1.375435 1.311943 1.250415 1.190345 1.132185 1.075181 1.019947 0.965625 0.912934 0.861111 0.810958 0.762094 0.714743 0.668126 0.622176 0.577280 0.533452 0.490243 0.447553 0.405497 0.363741 0.322133 0.281157 0.240972 0.200470 0.160050 0.119932 0.079816 0.039845 0.000000 
0.000000 0.546736 1.089608 1.623267 2.143148 2.646730 3.130514 3.589235 4.019499 4.420808 4.791909 5.129376 5.431025 5.697864 5.931297 6.130685 6.295209 6.426414 6.527219 6.599408 6.643620 6.661320 6.655351 6.628494 6.582492 6.518752 6.439286 6.346471 6.242278 6.128140 6.005420 5.875653 5.740292 5.600473 5.457025 5.310506 5.161213 5.009669 4.857672 4.708239 4.562823 4.419085 4.274753 4.132391 3.994601 3.859165 3.725824 3.597263 3.472369 3.350797 3.232897 3.115765 3.000478 2.889313 2.782562 2.678845 2.576586 2.478592 2.383663 2.290788 2.201204 2.114411 2.029596 1.947820 1.868193 1.790942 1.716331 1.643541 1.573321 1.504797 1.438490 1.373925 1.311113 1.250009 1.190287 1.132258 1.075445 1.020261 0.966213 0.913663 0.862515 0.813044 0.764904 0.717377 0.670644 0.624941 0.580339 0.536257 0.492895 0.450217 0.407676 0.365281 0.323940 0.282999 0.241984 0.201139 0.160608 0.120149 0.079761 0.039950 0.000000 
0.000000 0.504862 1.006240 1.500296 1.981941 2.447924 2.896683 3.324811 3.727554 4.102794 4.450909 4.770737 5.059124 5.314736 5.539247 5.734073 5.898473 6.031885 6.136149 6.214098 6.267189 6.295867 6.301533 6.286848 6.254238 6.205088 6.140553 6.062410 5.972748 5.873233 5.765056 5.649400 5.527616 5.400923 5.270138 5.135685 4.997890 4.857672 4.717311 4.579599 4.444840 4.310202 4.174749 4.041691 3.911986 3.783242 3.656745 3.534415 3.414825 3.298446 3.184491 3.070873 2.959757 2.852736 2.749738 2.648669 2.549529 2.454516 2.361641 2.271013 2.183513 2.098400 2.015468 1.935561 1.857419 1.781978 1.708519 1.637144 1.567818 1.500174 1.434467 1.370361 1.308062 1.247354 1.188282 1.130699 1.074608 1.019820 0.966474 0.914520 0.864334 0.815113 0.766688 0.718953 0.672592 0.627033 0.582116 0.538068 0.494745 0.451406 0.408592 0.366738 0.325208 0.283565 0.242407 0.201684 0.160855 0.120606 0.080553 0.040222 0.000000 
0.000000 0.467228 0.930834 1.388364 1.835813 2.268648 2.684935 3.083694 3.461466 3.814137 4.140785 4.442332 4.717528 4.963524 5.179778 5.368399 5.530652 5.665688 5.773203 5.855244 5.914455 5.951960 5.968053 5.964083 5.942510 5.905420 5.853907 5.788955 5.712180 5.625455 5.530242 5.427598 5.318603 5.204408 5.085861 4.963303 4.837018 4.708239 4.579599 4.453344 4.328480 4.202101 4.074804 3.949923 3.827022 3.704359 3.584165 3.467406 3.353149 3.242028 3.132190 3.022688 2.915986 2.813217 2.713723 2.615398 2.519594 2.427324 2.336802 2.248842 2.163782 2.080702 1.999980 1.921735 1.845142 1.771063 1.698561 1.628267 1.559750 1.493139 1.428389 1.365300 1.304005 1.244143 1.185908 1.128855 1.073261 1.018770 0.966064 0.914777 0.864733 0.815174 0.766825 0.719703 0.673422 0.627814 0.583230 0.539181 0.495161 0.451918 0.409745 0.367636 0.325587 0.284208 0.242874 0.201860 0.161402 0.120991 0.080435 0.040031 0.000000 
0.000000 0.433207 0.862903 1.286681 1.702412 2.105927 2.493519 2.864429 3.217895 3.550382 3.858538 4.142482 4.403379 4.639799 4.849248 5.031892 5.190066 5.324769 5.435069 5.520913 5.584458 5.628089 5.652617 5.658246 5.646304 5.619079 5.578389 5.525162 5.460334 5.385450 5.302229 5.211953 5.115504 5.013678 4.907119 4.796074 4.680824 4.562823 4.444840 4.328480 4.211843 4.092578 3.972623 3.854882 3.738185 3.621951 3.508407 3.397499 3.288942 3.182951 3.077318 2.972205 2.869895 2.771199 2.674913 2.579763 2.487618 2.398204 2.310308 2.224999 2.142095 2.060887 1.982076 1.905205 1.830259 1.757619 1.686683 1.617947 1.550846 1.485608 1.421939 1.359790 1.299130 1.239763 1.181850 1.125116 1.069926 1.016327 0.964494 0.913513 0.863300 0.814307 0.766537 0.719490 0.673274 0.628212 0.583498 0.538913 0.495344 0.452647 0.409874 0.367522 0.325653 0.283926 0.242635 0.201915 0.161136 0.120348 0.080113 0.040002 0.000000 
0.000000 0.402131 0.801478 1.194792 1.580694 1.957013 2.319560 2.665646 2.995429 3.308080 3.600042 3.868819 4.115359 4.340811 4.543544 4.721470 4.875345 5.007541 5.118730 5.207938 5.275366 5.323222 5.353626 5.367176 5.364105 5.345807 5.314465 5.271705 5.218346 5.155253 5.083790 5.005345 4.920786 4.830524 4.734772 4.633686 4.527834 4.419085 4.310202 4.202101 4.092578 3.980391 3.868188 3.757703 3.647502 3.538183 3.431398 3.326439 3.223400 3.121878 3.020235 2.919598 2.821899 2.727298 2.634160 2.542382 2.453622 2.366833 2.281472 2.198611 2.117746 2.038785 1.962241 1.887421 1.814631 1.743693 1.674393 1.606906 1.540831 1.476406 1.413365 1.351874 1.291795 1.233144 1.175837 1.119987 1.065914 1.013390 0.961625 0.910690 0.861106 0.812703 0.764950 0.718328 0.672729 0.627393 0.582311 0.538390 0.495044 0.451712 0.408929 0.366644 0.324557 0.283221 0.242268 0.201089 0.160345 0.119985 0.079828 0.039967 0.000000 
0.000000 0.373635 0.745347 1.111647 1.470281 1.820562 2.160047 2.484749 2.793074 3.085783 3.361778 3.617600 3.851633 4.065408 4.259860 4.433181 4.583727 4.712724 4.822447 4.913274 4.984302 5.036043 5.070780 5.090439 5.095514 5.086319 5.064254 5.031252 4.988577 4.936732 4.876296 4.808272 4.733606 4.652731 4.565694 4.472710 4.374909 4.274753 4.174749 4.074804 3.972623 3.868188 3.764188 3.660897 3.557033 3.454099 3.353277 3.253965 3.156218 3.058960 2.961379 2.865235 2.772146 2.681391 2.591356 2.502918 2.417271 2.333289 2.251016 2.171099 2.092730 2.016286 1.941791 1.868803 1.797571 1.727817 1.659647 1.593140 1.528151 1.464803 1.402835 1.342347 1.283123 1.225230 1.168746 1.114120 1.060905 1.008449 0.956961 0.907025 0.858006 0.809803 0.762725 0.716587 0.670555 0.625023 0.580657 0.536748 0.493006 0.449983 0.407301 0.365073 0.323686 0.282357 0.241128 0.200417 0.160032 0.119927 0.080066 0.040104 0.000000 
